V(out)	I(R3)	power	

8.999229e-020	8.999228e+000	8.098612e-019	
9.423349e-020	8.999228e+000	8.480287e-019	
9.867458e-020	8.999228e+000	8.879951e-019	
1.033250e-019	8.999228e+000	9.298450e-019	
1.081945e-019	8.999228e+000	9.736673e-019	
1.132936e-019	8.999228e+000	1.019555e-018	
1.186329e-019	8.999228e+000	1.067605e-018	
1.242239e-019	8.999228e+000	1.117920e-018	
1.300784e-019	8.999228e+000	1.170606e-018	
1.362088e-019	8.999228e+000	1.225775e-018	
1.426282e-019	8.999228e+000	1.283543e-018	
1.493500e-019	8.999228e+000	1.344035e-018	
1.563887e-019	8.999228e+000	1.407377e-018	
1.637590e-019	8.999228e+000	1.473705e-018	
1.714768e-019	8.999228e+000	1.543159e-018	
1.795582e-019	8.999228e+000	1.615885e-018	
1.880205e-019	8.999228e+000	1.692040e-018	
1.968817e-019	8.999228e+000	1.771783e-018	
2.061604e-019	8.999228e+000	1.855285e-018	
2.158765e-019	8.999228e+000	1.942722e-018	
2.260504e-019	8.999228e+000	2.034279e-018	
2.367038e-019	8.999228e+000	2.130152e-018	
2.478593e-019	8.999228e+000	2.230543e-018	
2.595406e-019	8.999228e+000	2.335665e-018	
2.717724e-019	8.999228e+000	2.445742e-018	
2.845806e-019	8.999228e+000	2.561006e-018	
2.979925e-019	8.999228e+000	2.681702e-018	
3.120364e-019	8.999228e+000	2.808087e-018	
3.267423e-019	8.999228e+000	2.940428e-018	
3.421411e-019	8.999228e+000	3.079006e-018	
3.582658e-019	8.999228e+000	3.224115e-018	
3.751503e-019	8.999228e+000	3.376063e-018	
3.928306e-019	8.999228e+000	3.535172e-018	
4.113441e-019	8.999228e+000	3.701780e-018	
4.307302e-019	8.999228e+000	3.876239e-018	
4.510298e-019	8.999228e+000	4.058921e-018	
4.722863e-019	8.999228e+000	4.250212e-018	
4.945444e-019	8.999228e+000	4.450518e-018	
5.178516e-019	8.999228e+000	4.660265e-018	
5.422572e-019	8.999228e+000	4.879896e-018	
5.678130e-019	8.999228e+000	5.109879e-018	
5.945731e-019	8.999228e+000	5.350699e-018	
6.225945e-019	8.999228e+000	5.602870e-018	
6.519365e-019	8.999228e+000	5.866926e-018	
6.826613e-019	8.999228e+000	6.143425e-018	
7.148341e-019	8.999228e+000	6.432956e-018	
7.485232e-019	8.999228e+000	6.736132e-018	
7.838001e-019	8.999228e+000	7.053596e-018	
8.207394e-019	8.999228e+000	7.386021e-018	
8.594197e-019	8.999228e+000	7.734114e-018	
8.999229e-019	8.999228e+000	8.098612e-018	
9.423349e-019	8.999228e+000	8.480287e-018	
9.867458e-019	8.999228e+000	8.879951e-018	
1.033250e-018	8.999228e+000	9.298450e-018	
1.081945e-018	8.999228e+000	9.736673e-018	
1.132936e-018	8.999228e+000	1.019555e-017	
1.186329e-018	8.999228e+000	1.067605e-017	
1.242239e-018	8.999228e+000	1.117920e-017	
1.300784e-018	8.999228e+000	1.170606e-017	
1.362088e-018	8.999228e+000	1.225775e-017	
1.426282e-018	8.999228e+000	1.283543e-017	
1.493500e-018	8.999228e+000	1.344035e-017	
1.563887e-018	8.999228e+000	1.407377e-017	
1.637590e-018	8.999228e+000	1.473705e-017	
1.714768e-018	8.999228e+000	1.543159e-017	
1.795582e-018	8.999228e+000	1.615885e-017	
1.880205e-018	8.999228e+000	1.692040e-017	
1.968817e-018	8.999228e+000	1.771783e-017	
2.061604e-018	8.999228e+000	1.855285e-017	
2.158765e-018	8.999228e+000	1.942722e-017	
2.260504e-018	8.999228e+000	2.034279e-017	
2.367038e-018	8.999228e+000	2.130152e-017	
2.478593e-018	8.999228e+000	2.230543e-017	
2.595406e-018	8.999228e+000	2.335665e-017	
2.717724e-018	8.999228e+000	2.445742e-017	
2.845806e-018	8.999228e+000	2.561006e-017	
2.979925e-018	8.999228e+000	2.681702e-017	
3.120364e-018	8.999228e+000	2.808087e-017	
3.267423e-018	8.999228e+000	2.940428e-017	
3.421411e-018	8.999228e+000	3.079006e-017	
3.582657e-018	8.999228e+000	3.224115e-017	
3.751503e-018	8.999228e+000	3.376063e-017	
3.928306e-018	8.999228e+000	3.535172e-017	
4.113441e-018	8.999228e+000	3.701780e-017	
4.307302e-018	8.999228e+000	3.876239e-017	
4.510299e-018	8.999228e+000	4.058921e-017	
4.722863e-018	8.999228e+000	4.250212e-017	
4.945444e-018	8.999228e+000	4.450518e-017	
5.178516e-018	8.999228e+000	4.660265e-017	
5.422572e-018	8.999228e+000	4.879896e-017	
5.678130e-018	8.999228e+000	5.109879e-017	
5.945732e-018	8.999228e+000	5.350700e-017	
6.225945e-018	8.999228e+000	5.602870e-017	
6.519365e-018	8.999228e+000	5.866925e-017	
6.826613e-018	8.999228e+000	6.143425e-017	
7.148342e-018	8.999228e+000	6.432956e-017	
7.485233e-018	8.999228e+000	6.736132e-017	
7.838000e-018	8.999228e+000	7.053596e-017	
8.207394e-018	8.999228e+000	7.386022e-017	
8.594196e-018	8.999228e+000	7.734114e-017	
8.999229e-018	8.999228e+000	8.098612e-017	
9.423349e-018	8.999228e+000	8.480287e-017	
9.867458e-018	8.999228e+000	8.879951e-017	
1.033250e-017	8.999228e+000	9.298451e-017	
1.081945e-017	8.999228e+000	9.736673e-017	
1.132936e-017	8.999228e+000	1.019555e-016	
1.186329e-017	8.999228e+000	1.067605e-016	
1.242239e-017	8.999228e+000	1.117920e-016	
1.300784e-017	8.999228e+000	1.170606e-016	
1.362088e-017	8.999228e+000	1.225774e-016	
1.426282e-017	8.999228e+000	1.283544e-016	
1.493500e-017	8.999228e+000	1.344035e-016	
1.563887e-017	8.999228e+000	1.407377e-016	
1.637590e-017	8.999228e+000	1.473705e-016	
1.714768e-017	8.999228e+000	1.543159e-016	
1.795582e-017	8.999228e+000	1.615885e-016	
1.880205e-017	8.999228e+000	1.692040e-016	
1.968817e-017	8.999228e+000	1.771783e-016	
2.061604e-017	8.999228e+000	1.855285e-016	
2.158765e-017	8.999228e+000	1.942722e-016	
2.260504e-017	8.999228e+000	2.034279e-016	
2.367038e-017	8.999228e+000	2.130152e-016	
2.478593e-017	8.999228e+000	2.230543e-016	
2.595406e-017	8.999228e+000	2.335665e-016	
2.717724e-017	8.999228e+000	2.445742e-016	
2.845806e-017	8.999228e+000	2.561006e-016	
2.979925e-017	8.999228e+000	2.681702e-016	
3.120364e-017	8.999228e+000	2.808087e-016	
3.267423e-017	8.999228e+000	2.940428e-016	
3.421411e-017	8.999228e+000	3.079006e-016	
3.582658e-017	8.999228e+000	3.224115e-016	
3.751503e-017	8.999228e+000	3.376063e-016	
3.928306e-017	8.999228e+000	3.535172e-016	
4.113441e-017	8.999228e+000	3.701780e-016	
4.307302e-017	8.999228e+000	3.876239e-016	
4.510299e-017	8.999228e+000	4.058921e-016	
4.722862e-017	8.999228e+000	4.250212e-016	
4.945444e-017	8.999228e+000	4.450518e-016	
5.178516e-017	8.999228e+000	4.660264e-016	
5.422572e-017	8.999228e+000	4.879896e-016	
5.678130e-017	8.999228e+000	5.109879e-016	
5.945731e-017	8.999228e+000	5.350699e-016	
6.225945e-017	8.999228e+000	5.602870e-016	
6.519365e-017	8.999228e+000	5.866926e-016	
6.826613e-017	8.999228e+000	6.143425e-016	
7.148341e-017	8.999228e+000	6.432956e-016	
7.485233e-017	8.999228e+000	6.736132e-016	
7.838001e-017	8.999228e+000	7.053596e-016	
8.207394e-017	8.999228e+000	7.386021e-016	
8.594197e-017	8.999228e+000	7.734114e-016	
8.999229e-017	8.999228e+000	8.098612e-016	
9.423349e-017	8.999228e+000	8.480287e-016	
9.867458e-017	8.999228e+000	8.879951e-016	
1.033250e-016	8.999228e+000	9.298450e-016	
1.081945e-016	8.999228e+000	9.736673e-016	
1.132936e-016	8.999228e+000	1.019555e-015	
1.186329e-016	8.999228e+000	1.067605e-015	
1.242239e-016	8.999228e+000	1.117920e-015	
1.300784e-016	8.999228e+000	1.170605e-015	
1.362088e-016	8.999228e+000	1.225774e-015	
1.426282e-016	8.999228e+000	1.283543e-015	
1.493500e-016	8.999228e+000	1.344035e-015	
1.563887e-016	8.999228e+000	1.407377e-015	
1.637591e-016	8.999228e+000	1.473705e-015	
1.714768e-016	8.999228e+000	1.543159e-015	
1.795582e-016	8.999228e+000	1.615886e-015	
1.880205e-016	8.999228e+000	1.692040e-015	
1.968817e-016	8.999228e+000	1.771783e-015	
2.061604e-016	8.999228e+000	1.855285e-015	
2.158765e-016	8.999228e+000	1.942722e-015	
2.260504e-016	8.999228e+000	2.034279e-015	
2.367038e-016	8.999228e+000	2.130152e-015	
2.478593e-016	8.999228e+000	2.230543e-015	
2.595406e-016	8.999228e+000	2.335665e-015	
2.717724e-016	8.999228e+000	2.445742e-015	
2.845806e-016	8.999228e+000	2.561006e-015	
2.979925e-016	8.999228e+000	2.681702e-015	
3.120364e-016	8.999228e+000	2.808087e-015	
3.267422e-016	8.999228e+000	2.940428e-015	
3.421411e-016	8.999228e+000	3.079006e-015	
3.582657e-016	8.999228e+000	3.224115e-015	
3.751503e-016	8.999228e+000	3.376063e-015	
3.928306e-016	8.999228e+000	3.535172e-015	
4.113441e-016	8.999228e+000	3.701780e-015	
4.307302e-016	8.999228e+000	3.876239e-015	
4.510299e-016	8.999228e+000	4.058921e-015	
4.722862e-016	8.999228e+000	4.250212e-015	
4.945444e-016	8.999228e+000	4.450518e-015	
5.178516e-016	8.999228e+000	4.660265e-015	
5.422572e-016	8.999228e+000	4.879896e-015	
5.678129e-016	8.999228e+000	5.109878e-015	
5.945731e-016	8.999228e+000	5.350699e-015	
6.225945e-016	8.999228e+000	5.602870e-015	
6.519365e-016	8.999228e+000	5.866925e-015	
6.826613e-016	8.999228e+000	6.143425e-015	
7.148341e-016	8.999228e+000	6.432956e-015	
7.485232e-016	8.999228e+000	6.736132e-015	
7.838001e-016	8.999228e+000	7.053596e-015	
8.207394e-016	8.999228e+000	7.386021e-015	
8.594197e-016	8.999228e+000	7.734114e-015	
8.999228e-016	8.999228e+000	8.098611e-015	
9.423350e-016	8.999228e+000	8.480288e-015	
9.867458e-016	8.999228e+000	8.879951e-015	
1.033250e-015	8.999228e+000	9.298451e-015	
1.081945e-015	8.999228e+000	9.736673e-015	
1.132936e-015	8.999228e+000	1.019555e-014	
1.186329e-015	8.999228e+000	1.067605e-014	
1.242239e-015	8.999228e+000	1.117920e-014	
1.300784e-015	8.999228e+000	1.170606e-014	
1.362088e-015	8.999228e+000	1.225774e-014	
1.426282e-015	8.999228e+000	1.283543e-014	
1.493500e-015	8.999228e+000	1.344035e-014	
1.563887e-015	8.999228e+000	1.407377e-014	
1.637590e-015	8.999228e+000	1.473705e-014	
1.714768e-015	8.999228e+000	1.543159e-014	
1.795582e-015	8.999228e+000	1.615885e-014	
1.880205e-015	8.999228e+000	1.692040e-014	
1.968817e-015	8.999228e+000	1.771783e-014	
2.061604e-015	8.999228e+000	1.855285e-014	
2.158765e-015	8.999228e+000	1.942722e-014	
2.260504e-015	8.999228e+000	2.034279e-014	
2.367038e-015	8.999228e+000	2.130152e-014	
2.478594e-015	8.999228e+000	2.230543e-014	
2.595406e-015	8.999228e+000	2.335665e-014	
2.717724e-015	8.999228e+000	2.445742e-014	
2.845806e-015	8.999228e+000	2.561006e-014	
2.979925e-015	8.999228e+000	2.681702e-014	
3.120364e-015	8.999228e+000	2.808087e-014	
3.267422e-015	8.999228e+000	2.940428e-014	
3.421411e-015	8.999228e+000	3.079006e-014	
3.582658e-015	8.999228e+000	3.224115e-014	
3.751503e-015	8.999228e+000	3.376063e-014	
3.928306e-015	8.999228e+000	3.535172e-014	
4.113441e-015	8.999228e+000	3.701780e-014	
4.307302e-015	8.999228e+000	3.876239e-014	
4.510298e-015	8.999228e+000	4.058921e-014	
4.722863e-015	8.999228e+000	4.250212e-014	
4.945444e-015	8.999228e+000	4.450518e-014	
5.178515e-015	8.999228e+000	4.660264e-014	
5.422572e-015	8.999228e+000	4.879896e-014	
5.678129e-015	8.999228e+000	5.109878e-014	
5.945732e-015	8.999228e+000	5.350700e-014	
6.225945e-015	8.999228e+000	5.602870e-014	
6.519365e-015	8.999228e+000	5.866925e-014	
6.826613e-015	8.999228e+000	6.143425e-014	
7.148341e-015	8.999228e+000	6.432956e-014	
7.485233e-015	8.999228e+000	6.736132e-014	
7.838001e-015	8.999228e+000	7.053596e-014	
8.207394e-015	8.999228e+000	7.386022e-014	
8.594197e-015	8.999228e+000	7.734114e-014	
8.999229e-015	8.999228e+000	8.098612e-014	
9.423349e-015	8.999228e+000	8.480287e-014	
9.867458e-015	8.999228e+000	8.879951e-014	
1.033250e-014	8.999228e+000	9.298451e-014	
1.081945e-014	8.999228e+000	9.736673e-014	
1.132936e-014	8.999228e+000	1.019555e-013	
1.186329e-014	8.999228e+000	1.067605e-013	
1.242239e-014	8.999228e+000	1.117920e-013	
1.300784e-014	8.999228e+000	1.170606e-013	
1.362088e-014	8.999228e+000	1.225775e-013	
1.426282e-014	8.999228e+000	1.283543e-013	
1.493500e-014	8.999228e+000	1.344035e-013	
1.563887e-014	8.999228e+000	1.407377e-013	
1.637590e-014	8.999228e+000	1.473705e-013	
1.714768e-014	8.999228e+000	1.543159e-013	
1.795582e-014	8.999228e+000	1.615886e-013	
1.880205e-014	8.999228e+000	1.692040e-013	
1.968817e-014	8.999228e+000	1.771783e-013	
2.061604e-014	8.999228e+000	1.855285e-013	
2.158765e-014	8.999228e+000	1.942722e-013	
2.260504e-014	8.999228e+000	2.034279e-013	
2.367038e-014	8.999228e+000	2.130152e-013	
2.478593e-014	8.999228e+000	2.230543e-013	
2.595406e-014	8.999228e+000	2.335665e-013	
2.717724e-014	8.999228e+000	2.445742e-013	
2.845806e-014	8.999228e+000	2.561006e-013	
2.979925e-014	8.999228e+000	2.681702e-013	
3.120364e-014	8.999228e+000	2.808087e-013	
3.267422e-014	8.999228e+000	2.940428e-013	
3.421411e-014	8.999228e+000	3.079006e-013	
3.582658e-014	8.999228e+000	3.224115e-013	
3.751503e-014	8.999228e+000	3.376063e-013	
3.928306e-014	8.999228e+000	3.535172e-013	
4.113441e-014	8.999228e+000	3.701780e-013	
4.307302e-014	8.999228e+000	3.876239e-013	
4.510299e-014	8.999228e+000	4.058921e-013	
4.722862e-014	8.999228e+000	4.250212e-013	
4.945444e-014	8.999228e+000	4.450518e-013	
5.178515e-014	8.999228e+000	4.660264e-013	
5.422571e-014	8.999228e+000	4.879896e-013	
5.678129e-014	8.999228e+000	5.109878e-013	
5.945732e-014	8.999228e+000	5.350700e-013	
6.225945e-014	8.999228e+000	5.602870e-013	
6.519365e-014	8.999228e+000	5.866926e-013	
6.826613e-014	8.999228e+000	6.143425e-013	
7.148341e-014	8.999228e+000	6.432956e-013	
7.485232e-014	8.999228e+000	6.736131e-013	
7.838000e-014	8.999228e+000	7.053596e-013	
8.207394e-014	8.999228e+000	7.386022e-013	
8.594197e-014	8.999228e+000	7.734114e-013	
8.999229e-014	8.999228e+000	8.098612e-013	
9.423349e-014	8.999228e+000	8.480287e-013	
9.867458e-014	8.999228e+000	8.879951e-013	
1.033250e-013	8.999228e+000	9.298450e-013	
1.081945e-013	8.999228e+000	9.736673e-013	
1.132936e-013	8.999228e+000	1.019555e-012	
1.186329e-013	8.999228e+000	1.067605e-012	
1.242239e-013	8.999228e+000	1.117920e-012	
1.300784e-013	8.999228e+000	1.170606e-012	
1.362088e-013	8.999228e+000	1.225774e-012	
1.426282e-013	8.999228e+000	1.283543e-012	
1.493500e-013	8.999228e+000	1.344035e-012	
1.563887e-013	8.999228e+000	1.407377e-012	
1.637590e-013	8.999228e+000	1.473705e-012	
1.714768e-013	8.999228e+000	1.543159e-012	
1.795582e-013	8.999228e+000	1.615885e-012	
1.880205e-013	8.999228e+000	1.692040e-012	
1.968817e-013	8.999228e+000	1.771783e-012	
2.061604e-013	8.999228e+000	1.855285e-012	
2.158765e-013	8.999228e+000	1.942722e-012	
2.260504e-013	8.999228e+000	2.034279e-012	
2.367038e-013	8.999228e+000	2.130152e-012	
2.478594e-013	8.999228e+000	2.230543e-012	
2.595406e-013	8.999228e+000	2.335665e-012	
2.717724e-013	8.999228e+000	2.445742e-012	
2.845806e-013	8.999228e+000	2.561006e-012	
2.979925e-013	8.999228e+000	2.681702e-012	
3.120364e-013	8.999228e+000	2.808087e-012	
3.267422e-013	8.999228e+000	2.940428e-012	
3.421411e-013	8.999228e+000	3.079006e-012	
3.582657e-013	8.999228e+000	3.224115e-012	
3.751503e-013	8.999228e+000	3.376063e-012	
3.928306e-013	8.999228e+000	3.535172e-012	
4.113441e-013	8.999228e+000	3.701780e-012	
4.307302e-013	8.999228e+000	3.876239e-012	
4.510299e-013	8.999228e+000	4.058921e-012	
4.722862e-013	8.999228e+000	4.250212e-012	
4.945444e-013	8.999228e+000	4.450518e-012	
5.178515e-013	8.999228e+000	4.660264e-012	
5.422572e-013	8.999228e+000	4.879896e-012	
5.678129e-013	8.999228e+000	5.109878e-012	
5.945732e-013	8.999228e+000	5.350700e-012	
6.225945e-013	8.999228e+000	5.602870e-012	
6.519365e-013	8.999228e+000	5.866926e-012	
6.826613e-013	8.999228e+000	6.143425e-012	
7.148342e-013	8.999228e+000	6.432956e-012	
7.485233e-013	8.999228e+000	6.736132e-012	
7.838001e-013	8.999228e+000	7.053596e-012	
8.207394e-013	8.999228e+000	7.386022e-012	
8.594197e-013	8.999228e+000	7.734114e-012	
8.999229e-013	8.999228e+000	8.098612e-012	
9.423350e-013	8.999228e+000	8.480288e-012	
9.867458e-013	8.999228e+000	8.879951e-012	
1.033250e-012	8.999228e+000	9.298451e-012	
1.081945e-012	8.999228e+000	9.736673e-012	
1.132936e-012	8.999228e+000	1.019555e-011	
1.186329e-012	8.999228e+000	1.067605e-011	
1.242239e-012	8.999228e+000	1.117920e-011	
1.300784e-012	8.999228e+000	1.170606e-011	
1.362088e-012	8.999228e+000	1.225774e-011	
1.426282e-012	8.999228e+000	1.283543e-011	
1.493500e-012	8.999228e+000	1.344035e-011	
1.563887e-012	8.999228e+000	1.407377e-011	
1.637590e-012	8.999228e+000	1.473705e-011	
1.714768e-012	8.999228e+000	1.543159e-011	
1.795582e-012	8.999228e+000	1.615885e-011	
1.880205e-012	8.999228e+000	1.692040e-011	
1.968817e-012	8.999228e+000	1.771783e-011	
2.061604e-012	8.999228e+000	1.855285e-011	
2.158765e-012	8.999228e+000	1.942722e-011	
2.260504e-012	8.999228e+000	2.034279e-011	
2.367038e-012	8.999228e+000	2.130152e-011	
2.478594e-012	8.999228e+000	2.230543e-011	
2.595406e-012	8.999228e+000	2.335665e-011	
2.717724e-012	8.999228e+000	2.445742e-011	
2.845806e-012	8.999228e+000	2.561006e-011	
2.979925e-012	8.999228e+000	2.681702e-011	
3.120364e-012	8.999228e+000	2.808087e-011	
3.267423e-012	8.999228e+000	2.940428e-011	
3.421411e-012	8.999228e+000	3.079006e-011	
3.582658e-012	8.999228e+000	3.224115e-011	
3.751503e-012	8.999228e+000	3.376063e-011	
3.928306e-012	8.999228e+000	3.535172e-011	
4.113441e-012	8.999228e+000	3.701780e-011	
4.307302e-012	8.999228e+000	3.876239e-011	
4.510298e-012	8.999228e+000	4.058921e-011	
4.722862e-012	8.999228e+000	4.250212e-011	
4.945444e-012	8.999228e+000	4.450518e-011	
5.178516e-012	8.999228e+000	4.660265e-011	
5.422572e-012	8.999228e+000	4.879896e-011	
5.678129e-012	8.999228e+000	5.109878e-011	
5.945731e-012	8.999228e+000	5.350699e-011	
6.225945e-012	8.999228e+000	5.602870e-011	
6.519365e-012	8.999228e+000	5.866925e-011	
6.826613e-012	8.999228e+000	6.143425e-011	
7.148341e-012	8.999228e+000	6.432956e-011	
7.485233e-012	8.999228e+000	6.736132e-011	
7.838000e-012	8.999228e+000	7.053595e-011	
8.207394e-012	8.999228e+000	7.386021e-011	
8.594197e-012	8.999228e+000	7.734114e-011	
8.999228e-012	8.999228e+000	8.098611e-011	
9.423349e-012	8.999228e+000	8.480287e-011	
9.867458e-012	8.999228e+000	8.879951e-011	
1.033250e-011	8.999228e+000	9.298450e-011	
1.081945e-011	8.999228e+000	9.736673e-011	
1.132936e-011	8.999228e+000	1.019555e-010	
1.186329e-011	8.999228e+000	1.067605e-010	
1.242239e-011	8.999228e+000	1.117920e-010	
1.300784e-011	8.999228e+000	1.170606e-010	
1.362088e-011	8.999228e+000	1.225774e-010	
1.426282e-011	8.999228e+000	1.283543e-010	
1.493500e-011	8.999228e+000	1.344035e-010	
1.563887e-011	8.999228e+000	1.407377e-010	
1.637590e-011	8.999228e+000	1.473705e-010	
1.714768e-011	8.999228e+000	1.543159e-010	
1.795582e-011	8.999228e+000	1.615886e-010	
1.880205e-011	8.999228e+000	1.692040e-010	
1.968817e-011	8.999228e+000	1.771783e-010	
2.061604e-011	8.999228e+000	1.855285e-010	
2.158765e-011	8.999228e+000	1.942722e-010	
2.260504e-011	8.999228e+000	2.034279e-010	
2.367038e-011	8.999228e+000	2.130152e-010	
2.478593e-011	8.999228e+000	2.230543e-010	
2.595406e-011	8.999228e+000	2.335665e-010	
2.717724e-011	8.999228e+000	2.445742e-010	
2.845806e-011	8.999228e+000	2.561006e-010	
2.979925e-011	8.999228e+000	2.681702e-010	
3.120364e-011	8.999228e+000	2.808087e-010	
3.267422e-011	8.999228e+000	2.940428e-010	
3.421411e-011	8.999228e+000	3.079006e-010	
3.582657e-011	8.999228e+000	3.224115e-010	
3.751503e-011	8.999228e+000	3.376063e-010	
3.928306e-011	8.999228e+000	3.535172e-010	
4.113441e-011	8.999228e+000	3.701780e-010	
4.307302e-011	8.999228e+000	3.876239e-010	
4.510299e-011	8.999228e+000	4.058921e-010	
4.722862e-011	8.999228e+000	4.250212e-010	
4.945444e-011	8.999228e+000	4.450518e-010	
5.178516e-011	8.999228e+000	4.660265e-010	
5.422571e-011	8.999228e+000	4.879896e-010	
5.678129e-011	8.999228e+000	5.109878e-010	
5.945731e-011	8.999228e+000	5.350700e-010	
6.225945e-011	8.999228e+000	5.602871e-010	
6.519365e-011	8.999228e+000	5.866925e-010	
6.826613e-011	8.999228e+000	6.143425e-010	
7.148342e-011	8.999228e+000	6.432956e-010	
7.485233e-011	8.999228e+000	6.736132e-010	
7.838000e-011	8.999228e+000	7.053596e-010	
8.207394e-011	8.999228e+000	7.386022e-010	
8.594197e-011	8.999228e+000	7.734114e-010	
8.999229e-011	8.999228e+000	8.098612e-010	
9.423350e-011	8.999228e+000	8.480288e-010	
9.867458e-011	8.999228e+000	8.879951e-010	
1.033250e-010	8.999228e+000	9.298450e-010	
1.081945e-010	8.999228e+000	9.736673e-010	
1.132936e-010	8.999228e+000	1.019555e-009	
1.186329e-010	8.999228e+000	1.067605e-009	
1.242239e-010	8.999228e+000	1.117920e-009	
1.300784e-010	8.999228e+000	1.170606e-009	
1.362088e-010	8.999228e+000	1.225774e-009	
1.426282e-010	8.999228e+000	1.283543e-009	
1.493500e-010	8.999228e+000	1.344035e-009	
1.563887e-010	8.999228e+000	1.407377e-009	
1.637590e-010	8.999228e+000	1.473705e-009	
1.714768e-010	8.999228e+000	1.543159e-009	
1.795582e-010	8.999228e+000	1.615885e-009	
1.880205e-010	8.999228e+000	1.692040e-009	
1.968817e-010	8.999228e+000	1.771783e-009	
2.061604e-010	8.999228e+000	1.855285e-009	
2.158765e-010	8.999228e+000	1.942722e-009	
2.260504e-010	8.999228e+000	2.034279e-009	
2.367038e-010	8.999228e+000	2.130152e-009	
2.478593e-010	8.999228e+000	2.230543e-009	
2.595406e-010	8.999228e+000	2.335665e-009	
2.717724e-010	8.999228e+000	2.445742e-009	
2.845806e-010	8.999228e+000	2.561006e-009	
2.979925e-010	8.999228e+000	2.681702e-009	
3.120364e-010	8.999228e+000	2.808087e-009	
3.267422e-010	8.999228e+000	2.940428e-009	
3.421411e-010	8.999228e+000	3.079006e-009	
3.582658e-010	8.999228e+000	3.224115e-009	
3.751503e-010	8.999228e+000	3.376063e-009	
3.928306e-010	8.999228e+000	3.535172e-009	
4.113441e-010	8.999228e+000	3.701780e-009	
4.307302e-010	8.999228e+000	3.876239e-009	
4.510299e-010	8.999228e+000	4.058921e-009	
4.722863e-010	8.999228e+000	4.250212e-009	
4.945444e-010	8.999228e+000	4.450518e-009	
5.178515e-010	8.999228e+000	4.660264e-009	
5.422572e-010	8.999228e+000	4.879896e-009	
5.678130e-010	8.999228e+000	5.109879e-009	
5.945732e-010	8.999228e+000	5.350700e-009	
6.225945e-010	8.999228e+000	5.602870e-009	
6.519365e-010	8.999228e+000	5.866926e-009	
6.826613e-010	8.999228e+000	6.143425e-009	
7.148341e-010	8.999228e+000	6.432956e-009	
7.485232e-010	8.999228e+000	6.736132e-009	
7.838001e-010	8.999228e+000	7.053596e-009	
8.207394e-010	8.999228e+000	7.386022e-009	
8.594197e-010	8.999228e+000	7.734114e-009	
8.999229e-010	8.999228e+000	8.098611e-009	
9.423350e-010	8.999228e+000	8.480288e-009	
9.867458e-010	8.999228e+000	8.879951e-009	
1.033250e-009	8.999228e+000	9.298450e-009	
1.081945e-009	8.999228e+000	9.736673e-009	
1.132936e-009	8.999228e+000	1.019555e-008	
1.186329e-009	8.999228e+000	1.067605e-008	
1.242239e-009	8.999228e+000	1.117920e-008	
1.300784e-009	8.999228e+000	1.170606e-008	
1.362088e-009	8.999228e+000	1.225775e-008	
1.426282e-009	8.999228e+000	1.283543e-008	
1.493500e-009	8.999228e+000	1.344035e-008	
1.563887e-009	8.999228e+000	1.407377e-008	
1.637590e-009	8.999228e+000	1.473705e-008	
1.714768e-009	8.999228e+000	1.543159e-008	
1.795582e-009	8.999228e+000	1.615885e-008	
1.880205e-009	8.999228e+000	1.692040e-008	
1.968817e-009	8.999228e+000	1.771783e-008	
2.061604e-009	8.999228e+000	1.855285e-008	
2.158765e-009	8.999228e+000	1.942722e-008	
2.260504e-009	8.999228e+000	2.034279e-008	
2.367038e-009	8.999228e+000	2.130152e-008	
2.478593e-009	8.999228e+000	2.230543e-008	
2.595406e-009	8.999228e+000	2.335665e-008	
2.717724e-009	8.999228e+000	2.445742e-008	
2.845806e-009	8.999228e+000	2.561006e-008	
2.979925e-009	8.999228e+000	2.681702e-008	
3.120364e-009	8.999228e+000	2.808087e-008	
3.267423e-009	8.999228e+000	2.940428e-008	
3.421411e-009	8.999228e+000	3.079006e-008	
3.582658e-009	8.999228e+000	3.224115e-008	
3.751503e-009	8.999228e+000	3.376063e-008	
3.928306e-009	8.999228e+000	3.535172e-008	
4.113441e-009	8.999228e+000	3.701780e-008	
4.307302e-009	8.999228e+000	3.876239e-008	
4.510299e-009	8.999228e+000	4.058921e-008	
4.722863e-009	8.999228e+000	4.250212e-008	
4.945444e-009	8.999228e+000	4.450518e-008	
5.178516e-009	8.999228e+000	4.660265e-008	
5.422572e-009	8.999228e+000	4.879896e-008	
5.678130e-009	8.999228e+000	5.109878e-008	
5.945731e-009	8.999228e+000	5.350700e-008	
6.225945e-009	8.999228e+000	5.602870e-008	
6.519365e-009	8.999228e+000	5.866926e-008	
6.826613e-009	8.999228e+000	6.143425e-008	
7.148341e-009	8.999228e+000	6.432956e-008	
7.485233e-009	8.999228e+000	6.736132e-008	
7.838000e-009	8.999228e+000	7.053596e-008	
8.207394e-009	8.999228e+000	7.386021e-008	
8.594196e-009	8.999228e+000	7.734114e-008	
8.999229e-009	8.999228e+000	8.098612e-008	
9.423349e-009	8.999228e+000	8.480287e-008	
9.867458e-009	8.999228e+000	8.879951e-008	
1.033250e-008	8.999228e+000	9.298451e-008	
1.081945e-008	8.999228e+000	9.736673e-008	
1.132936e-008	8.999228e+000	1.019555e-007	
1.186329e-008	8.999228e+000	1.067605e-007	
1.242239e-008	8.999228e+000	1.117920e-007	
1.300784e-008	8.999228e+000	1.170605e-007	
1.362088e-008	8.999228e+000	1.225774e-007	
1.426282e-008	8.999228e+000	1.283543e-007	
1.493500e-008	8.999228e+000	1.344035e-007	
1.563887e-008	8.999228e+000	1.407377e-007	
1.637591e-008	8.999228e+000	1.473705e-007	
1.714768e-008	8.999228e+000	1.543159e-007	
1.795582e-008	8.999228e+000	1.615885e-007	
1.880205e-008	8.999228e+000	1.692040e-007	
1.968817e-008	8.999228e+000	1.771783e-007	
2.061604e-008	8.999228e+000	1.855285e-007	
2.158765e-008	8.999228e+000	1.942722e-007	
2.260504e-008	8.999228e+000	2.034279e-007	
2.367038e-008	8.999228e+000	2.130152e-007	
2.478594e-008	8.999228e+000	2.230543e-007	
2.595406e-008	8.999228e+000	2.335665e-007	
2.717724e-008	8.999228e+000	2.445742e-007	
2.845806e-008	8.999228e+000	2.561006e-007	
2.979925e-008	8.999228e+000	2.681702e-007	
3.120364e-008	8.999228e+000	2.808087e-007	
3.267423e-008	8.999228e+000	2.940428e-007	
3.421411e-008	8.999228e+000	3.079006e-007	
3.582657e-008	8.999228e+000	3.224115e-007	
3.751503e-008	8.999228e+000	3.376063e-007	
3.928306e-008	8.999228e+000	3.535172e-007	
4.113441e-008	8.999228e+000	3.701780e-007	
4.307302e-008	8.999228e+000	3.876239e-007	
4.510299e-008	8.999228e+000	4.058921e-007	
4.722862e-008	8.999228e+000	4.250212e-007	
4.945444e-008	8.999228e+000	4.450518e-007	
5.178516e-008	8.999228e+000	4.660265e-007	
5.422572e-008	8.999228e+000	4.879896e-007	
5.678130e-008	8.999228e+000	5.109879e-007	
5.945731e-008	8.999228e+000	5.350700e-007	
6.225945e-008	8.999228e+000	5.602870e-007	
6.519365e-008	8.999228e+000	5.866926e-007	
6.826613e-008	8.999228e+000	6.143425e-007	
7.148341e-008	8.999228e+000	6.432956e-007	
7.485232e-008	8.999228e+000	6.736132e-007	
7.838000e-008	8.999228e+000	7.053596e-007	
8.207394e-008	8.999228e+000	7.386021e-007	
8.594197e-008	8.999228e+000	7.734114e-007	
8.999229e-008	8.999228e+000	8.098612e-007	
9.423349e-008	8.999228e+000	8.480287e-007	
9.867458e-008	8.999228e+000	8.879951e-007	
1.033250e-007	8.999228e+000	9.298450e-007	
1.081945e-007	8.999228e+000	9.736673e-007	
1.132936e-007	8.999228e+000	1.019555e-006	
1.186329e-007	8.999228e+000	1.067605e-006	
1.242239e-007	8.999228e+000	1.117920e-006	
1.300784e-007	8.999228e+000	1.170606e-006	
1.362088e-007	8.999228e+000	1.225774e-006	
1.426282e-007	8.999228e+000	1.283543e-006	
1.493500e-007	8.999228e+000	1.344035e-006	
1.563887e-007	8.999228e+000	1.407377e-006	
1.637590e-007	8.999228e+000	1.473705e-006	
1.714768e-007	8.999228e+000	1.543159e-006	
1.795582e-007	8.999228e+000	1.615886e-006	
1.880205e-007	8.999228e+000	1.692040e-006	
1.968817e-007	8.999228e+000	1.771783e-006	
2.061604e-007	8.999228e+000	1.855285e-006	
2.158765e-007	8.999228e+000	1.942722e-006	
2.260504e-007	8.999228e+000	2.034279e-006	
2.367038e-007	8.999228e+000	2.130152e-006	
2.478593e-007	8.999228e+000	2.230543e-006	
2.595406e-007	8.999228e+000	2.335665e-006	
2.717724e-007	8.999228e+000	2.445742e-006	
2.845806e-007	8.999228e+000	2.561006e-006	
2.979925e-007	8.999228e+000	2.681702e-006	
3.120364e-007	8.999228e+000	2.808087e-006	
3.267423e-007	8.999228e+000	2.940428e-006	
3.421411e-007	8.999228e+000	3.079006e-006	
3.582658e-007	8.999228e+000	3.224115e-006	
3.751503e-007	8.999228e+000	3.376063e-006	
3.928306e-007	8.999228e+000	3.535172e-006	
4.113441e-007	8.999228e+000	3.701780e-006	
4.307302e-007	8.999228e+000	3.876239e-006	
4.510298e-007	8.999228e+000	4.058921e-006	
4.722862e-007	8.999228e+000	4.250212e-006	
4.945444e-007	8.999228e+000	4.450518e-006	
5.178516e-007	8.999228e+000	4.660265e-006	
5.422572e-007	8.999228e+000	4.879896e-006	
5.678129e-007	8.999228e+000	5.109878e-006	
5.945731e-007	8.999228e+000	5.350699e-006	
6.225945e-007	8.999228e+000	5.602871e-006	
6.519365e-007	8.999228e+000	5.866925e-006	
6.826613e-007	8.999228e+000	6.143425e-006	
7.148341e-007	8.999228e+000	6.432956e-006	
7.485232e-007	8.999228e+000	6.736132e-006	
7.838001e-007	8.999228e+000	7.053596e-006	
8.207394e-007	8.999228e+000	7.386022e-006	
8.594197e-007	8.999228e+000	7.734114e-006	
8.999229e-007	8.999228e+000	8.098612e-006	
9.423350e-007	8.999228e+000	8.480288e-006	
9.867458e-007	8.999228e+000	8.879951e-006	
1.033250e-006	8.999228e+000	9.298451e-006	
1.081945e-006	8.999228e+000	9.736672e-006	
1.132936e-006	8.999228e+000	1.019555e-005	
1.186329e-006	8.999228e+000	1.067605e-005	
1.242239e-006	8.999228e+000	1.117920e-005	
1.300784e-006	8.999228e+000	1.170606e-005	
1.362088e-006	8.999228e+000	1.225774e-005	
1.426282e-006	8.999228e+000	1.283543e-005	
1.493500e-006	8.999228e+000	1.344035e-005	
1.563887e-006	8.999228e+000	1.407377e-005	
1.637590e-006	8.999228e+000	1.473705e-005	
1.714768e-006	8.999228e+000	1.543159e-005	
1.795582e-006	8.999228e+000	1.615885e-005	
1.880205e-006	8.999228e+000	1.692040e-005	
1.968817e-006	8.999228e+000	1.771783e-005	
2.061604e-006	8.999228e+000	1.855285e-005	
2.158765e-006	8.999228e+000	1.942722e-005	
2.260504e-006	8.999228e+000	2.034279e-005	
2.367038e-006	8.999228e+000	2.130152e-005	
2.478593e-006	8.999228e+000	2.230543e-005	
2.595406e-006	8.999228e+000	2.335665e-005	
2.717724e-006	8.999228e+000	2.445742e-005	
2.845806e-006	8.999228e+000	2.561006e-005	
2.979925e-006	8.999228e+000	2.681702e-005	
3.120364e-006	8.999228e+000	2.808087e-005	
3.267422e-006	8.999228e+000	2.940428e-005	
3.421411e-006	8.999228e+000	3.079006e-005	
3.582657e-006	8.999228e+000	3.224115e-005	
3.751503e-006	8.999228e+000	3.376063e-005	
3.928306e-006	8.999228e+000	3.535172e-005	
4.113441e-006	8.999228e+000	3.701780e-005	
4.307302e-006	8.999228e+000	3.876239e-005	
4.510298e-006	8.999228e+000	4.058921e-005	
4.722862e-006	8.999228e+000	4.250212e-005	
4.945444e-006	8.999228e+000	4.450518e-005	
5.178515e-006	8.999228e+000	4.660264e-005	
5.422572e-006	8.999228e+000	4.879896e-005	
5.678130e-006	8.999228e+000	5.109879e-005	
5.945732e-006	8.999228e+000	5.350700e-005	
6.225945e-006	8.999228e+000	5.602870e-005	
6.519365e-006	8.999228e+000	5.866925e-005	
6.826613e-006	8.999228e+000	6.143425e-005	
7.148341e-006	8.999228e+000	6.432956e-005	
7.485232e-006	8.999228e+000	6.736132e-005	
7.838001e-006	8.999228e+000	7.053596e-005	
8.207394e-006	8.999228e+000	7.386021e-005	
8.594197e-006	8.999228e+000	7.734114e-005	
8.999229e-006	8.999228e+000	8.098612e-005	
9.423349e-006	8.999228e+000	8.480287e-005	
9.867458e-006	8.999228e+000	8.879951e-005	
1.033250e-005	8.999228e+000	9.298450e-005	
1.081945e-005	8.999228e+000	9.736673e-005	
1.132936e-005	8.999228e+000	1.019555e-004	
1.186329e-005	8.999228e+000	1.067605e-004	
1.242239e-005	8.999228e+000	1.117920e-004	
1.300784e-005	8.999228e+000	1.170606e-004	
1.362088e-005	8.999228e+000	1.225774e-004	
1.426282e-005	8.999228e+000	1.283543e-004	
1.493500e-005	8.999228e+000	1.344035e-004	
1.563887e-005	8.999228e+000	1.407377e-004	
1.637591e-005	8.999228e+000	1.473705e-004	
1.714768e-005	8.999228e+000	1.543159e-004	
1.795582e-005	8.999228e+000	1.615886e-004	
1.880205e-005	8.999228e+000	1.692040e-004	
1.968817e-005	8.999228e+000	1.771783e-004	
2.061604e-005	8.999228e+000	1.855285e-004	
2.158765e-005	8.999228e+000	1.942722e-004	
2.260504e-005	8.999228e+000	2.034279e-004	
2.367038e-005	8.999228e+000	2.130152e-004	
2.478593e-005	8.999228e+000	2.230543e-004	
2.595406e-005	8.999228e+000	2.335665e-004	
2.717724e-005	8.999228e+000	2.445742e-004	
2.845806e-005	8.999228e+000	2.561006e-004	
2.979925e-005	8.999228e+000	2.681702e-004	
3.120364e-005	8.999228e+000	2.808087e-004	
3.267423e-005	8.999228e+000	2.940428e-004	
3.421411e-005	8.999228e+000	3.079006e-004	
3.582658e-005	8.999228e+000	3.224115e-004	
3.751503e-005	8.999228e+000	3.376063e-004	
3.928306e-005	8.999228e+000	3.535172e-004	
4.113441e-005	8.999228e+000	3.701780e-004	
4.307302e-005	8.999228e+000	3.876239e-004	
4.510298e-005	8.999228e+000	4.058921e-004	
4.722862e-005	8.999228e+000	4.250212e-004	
4.945444e-005	8.999228e+000	4.450518e-004	
5.178515e-005	8.999228e+000	4.660264e-004	
5.422571e-005	8.999228e+000	4.879896e-004	
5.678129e-005	8.999228e+000	5.109878e-004	
5.945731e-005	8.999228e+000	5.350700e-004	
6.225945e-005	8.999228e+000	5.602870e-004	
6.519365e-005	8.999228e+000	5.866925e-004	
6.826613e-005	8.999228e+000	6.143425e-004	
7.148342e-005	8.999228e+000	6.432956e-004	
7.485232e-005	8.999228e+000	6.736132e-004	
7.838001e-005	8.999228e+000	7.053596e-004	
8.207394e-005	8.999228e+000	7.386022e-004	
8.594197e-005	8.999228e+000	7.734114e-004	
8.999229e-005	8.999228e+000	8.098612e-004	
9.423350e-005	8.999228e+000	8.480288e-004	
9.867458e-005	8.999228e+000	8.879951e-004	
1.033250e-004	8.999228e+000	9.298450e-004	
1.081945e-004	8.999228e+000	9.736672e-004	
1.132936e-004	8.999228e+000	1.019555e-003	
1.186329e-004	8.999228e+000	1.067605e-003	
1.242239e-004	8.999228e+000	1.117920e-003	
1.300784e-004	8.999228e+000	1.170606e-003	
1.362088e-004	8.999228e+000	1.225774e-003	
1.426282e-004	8.999228e+000	1.283543e-003	
1.493500e-004	8.999228e+000	1.344035e-003	
1.563887e-004	8.999228e+000	1.407377e-003	
1.637590e-004	8.999228e+000	1.473705e-003	
1.714768e-004	8.999228e+000	1.543159e-003	
1.795582e-004	8.999228e+000	1.615885e-003	
1.880205e-004	8.999228e+000	1.692040e-003	
1.968817e-004	8.999228e+000	1.771783e-003	
2.061604e-004	8.999228e+000	1.855285e-003	
2.158765e-004	8.999228e+000	1.942722e-003	
2.260504e-004	8.999228e+000	2.034279e-003	
2.367038e-004	8.999228e+000	2.130152e-003	
2.478593e-004	8.999228e+000	2.230543e-003	
2.595406e-004	8.999228e+000	2.335665e-003	
2.717724e-004	8.999228e+000	2.445742e-003	
2.845806e-004	8.999228e+000	2.561006e-003	
2.979925e-004	8.999228e+000	2.681702e-003	
3.120364e-004	8.999228e+000	2.808087e-003	
3.267422e-004	8.999228e+000	2.940428e-003	
3.421411e-004	8.999228e+000	3.079006e-003	
3.582657e-004	8.999228e+000	3.224115e-003	
3.751503e-004	8.999228e+000	3.376063e-003	
3.928306e-004	8.999228e+000	3.535172e-003	
4.113441e-004	8.999228e+000	3.701780e-003	
4.307302e-004	8.999228e+000	3.876239e-003	
4.510298e-004	8.999228e+000	4.058921e-003	
4.722862e-004	8.999228e+000	4.250212e-003	
4.945444e-004	8.999228e+000	4.450518e-003	
5.178516e-004	8.999228e+000	4.660264e-003	
5.422572e-004	8.999228e+000	4.879896e-003	
5.678129e-004	8.999228e+000	5.109878e-003	
5.945731e-004	8.999228e+000	5.350699e-003	
6.225945e-004	8.999228e+000	5.602870e-003	
6.519365e-004	8.999228e+000	5.866925e-003	
6.826613e-004	8.999228e+000	6.143425e-003	
7.148341e-004	8.999228e+000	6.432956e-003	
7.485232e-004	8.999228e+000	6.736131e-003	
7.838000e-004	8.999228e+000	7.053596e-003	
8.207394e-004	8.999228e+000	7.386021e-003	
8.594196e-004	8.999228e+000	7.734114e-003	
8.999228e-004	8.999228e+000	8.098611e-003	
9.423349e-004	8.999228e+000	8.480287e-003	
9.867457e-004	8.999228e+000	8.879950e-003	
1.033250e-003	8.999228e+000	9.298450e-003	
1.081945e-003	8.999228e+000	9.736672e-003	
1.132936e-003	8.999228e+000	1.019555e-002	
1.186329e-003	8.999228e+000	1.067605e-002	
1.242239e-003	8.999228e+000	1.117919e-002	
1.300784e-003	8.999228e+000	1.170605e-002	
1.362088e-003	8.999228e+000	1.225774e-002	
1.426282e-003	8.999228e+000	1.283543e-002	
1.493500e-003	8.999228e+000	1.344035e-002	
1.563887e-003	8.999228e+000	1.407377e-002	
1.637590e-003	8.999228e+000	1.473705e-002	
1.714767e-003	8.999228e+000	1.543158e-002	
1.795582e-003	8.999228e+000	1.615885e-002	
1.880205e-003	8.999228e+000	1.692039e-002	
1.968816e-003	8.999228e+000	1.771783e-002	
2.061604e-003	8.999228e+000	1.855284e-002	
2.158764e-003	8.999228e+000	1.942721e-002	
2.260504e-003	8.999228e+000	2.034279e-002	
2.367038e-003	8.999228e+000	2.130151e-002	
2.478593e-003	8.999228e+000	2.230542e-002	
2.595405e-003	8.999227e+000	2.335664e-002	
2.717723e-003	8.999227e+000	2.445741e-002	
2.845805e-003	8.999227e+000	2.561005e-002	
2.979924e-003	8.999227e+000	2.681701e-002	
3.120363e-003	8.999227e+000	2.808086e-002	
3.267422e-003	8.999227e+000	2.940427e-002	
3.421410e-003	8.999227e+000	3.079005e-002	
3.582657e-003	8.999227e+000	3.224114e-002	
3.751502e-003	8.999227e+000	3.376062e-002	
3.928305e-003	8.999226e+000	3.535170e-002	
4.113440e-003	8.999226e+000	3.701777e-002	
4.307300e-003	8.999226e+000	3.876237e-002	
4.510297e-003	8.999226e+000	4.058918e-002	
4.722861e-003	8.999226e+000	4.250209e-002	
4.945442e-003	8.999226e+000	4.450515e-002	
5.178513e-003	8.999226e+000	4.660261e-002	
5.422569e-003	8.999225e+000	4.879892e-002	
5.678127e-003	8.999225e+000	5.109874e-002	
5.945729e-003	8.999225e+000	5.350695e-002	
6.225942e-003	8.999225e+000	5.602865e-002	
6.519362e-003	8.999225e+000	5.866920e-002	
6.826609e-003	8.999224e+000	6.143418e-002	
7.148338e-003	8.999224e+000	6.432949e-002	
7.485228e-003	8.999224e+000	6.736124e-002	
7.837996e-003	8.999224e+000	7.053588e-002	
8.207389e-003	8.999223e+000	7.386012e-002	
8.594191e-003	8.999223e+000	7.734104e-002	
8.999223e-003	8.999223e+000	8.098601e-002	
9.423343e-003	8.999222e+000	8.480275e-002	
9.867450e-003	8.999222e+000	8.879937e-002	
1.033249e-002	8.999222e+000	9.298436e-002	
1.081944e-002	8.999221e+000	9.736656e-002	
1.132935e-002	8.999221e+000	1.019553e-001	
1.186328e-002	8.999221e+000	1.067603e-001	
1.242238e-002	8.999220e+000	1.117917e-001	
1.300783e-002	8.999220e+000	1.170603e-001	
1.362087e-002	8.999219e+000	1.225772e-001	
1.426280e-002	8.999219e+000	1.283541e-001	
1.493498e-002	8.999218e+000	1.344032e-001	
1.563885e-002	8.999218e+000	1.407374e-001	
1.637588e-002	8.999217e+000	1.473701e-001	
1.714765e-002	8.999217e+000	1.543155e-001	
1.795580e-002	8.999216e+000	1.615881e-001	
1.880203e-002	8.999216e+000	1.692035e-001	
1.968814e-002	8.999215e+000	1.771778e-001	
2.061601e-002	8.999214e+000	1.855279e-001	
2.158761e-002	8.999214e+000	1.942715e-001	
2.260500e-002	8.999213e+000	2.034272e-001	
2.367034e-002	8.999212e+000	2.130144e-001	
2.478589e-002	8.999211e+000	2.230534e-001	
2.595401e-002	8.999210e+000	2.335656e-001	
2.717718e-002	8.999210e+000	2.445732e-001	
2.845800e-002	8.999209e+000	2.560995e-001	
2.979918e-002	8.999208e+000	2.681690e-001	
3.120357e-002	8.999207e+000	2.808074e-001	
3.267414e-002	8.999206e+000	2.940413e-001	
3.421402e-002	8.999205e+000	3.078990e-001	
3.582647e-002	8.999204e+000	3.224097e-001	
3.751492e-002	8.999203e+000	3.376044e-001	
3.928294e-002	8.999202e+000	3.535151e-001	
4.113428e-002	8.999200e+000	3.701756e-001	
4.307287e-002	8.999199e+000	3.876213e-001	
4.510283e-002	8.999197e+000	4.058892e-001	
4.722845e-002	8.999196e+000	4.250181e-001	
4.945425e-002	8.999194e+000	4.450484e-001	
5.178495e-002	8.999193e+000	4.660227e-001	
5.422549e-002	8.999191e+000	4.879856e-001	
5.678105e-002	8.999189e+000	5.109834e-001	
5.945704e-002	8.999187e+000	5.350651e-001	
6.225915e-002	8.999186e+000	5.602817e-001	
6.519332e-002	8.999184e+000	5.866866e-001	
6.826577e-002	8.999182e+000	6.143361e-001	
7.148302e-002	8.999179e+000	6.432885e-001	
7.485189e-002	8.999177e+000	6.736054e-001	
7.837953e-002	8.999174e+000	7.053511e-001	
8.207342e-002	8.999171e+000	7.385928e-001	
8.594140e-002	8.999169e+000	7.734012e-001	
8.999166e-002	8.999166e+000	8.098499e-001	
9.423281e-002	8.999164e+000	8.480164e-001	
9.867383e-002	8.999160e+000	8.879815e-001	
1.033241e-001	8.999157e+000	9.298302e-001	
1.081936e-001	8.999153e+000	9.736510e-001	
1.132926e-001	8.999150e+000	1.019537e+000	
1.186319e-001	8.999146e+000	1.067585e+000	
1.242227e-001	8.999143e+000	1.117898e+000	
1.300771e-001	8.999138e+000	1.170582e+000	
1.362074e-001	8.999134e+000	1.225749e+000	
1.426266e-001	8.999129e+000	1.283515e+000	
1.493483e-001	8.999125e+000	1.344004e+000	
1.563868e-001	8.999120e+000	1.407343e+000	
1.637570e-001	8.999115e+000	1.473668e+000	
1.714745e-001	8.999109e+000	1.543118e+000	
1.795557e-001	8.999104e+000	1.615841e+000	
1.880178e-001	8.999098e+000	1.691991e+000	
1.968787e-001	8.999092e+000	1.771729e+000	
2.061571e-001	8.999085e+000	1.855226e+000	
2.158729e-001	8.999079e+000	1.942657e+000	
2.260465e-001	8.999071e+000	2.034208e+000	
2.366995e-001	8.999064e+000	2.130074e+000	
2.478546e-001	8.999056e+000	2.230457e+000	
2.595354e-001	8.999048e+000	2.335571e+000	
2.717667e-001	8.999040e+000	2.445639e+000	
2.845743e-001	8.999031e+000	2.560893e+000	
2.979856e-001	8.999022e+000	2.681579e+000	
3.120289e-001	8.999012e+000	2.807952e+000	
3.267340e-001	8.999002e+000	2.940280e+000	
3.421321e-001	8.998991e+000	3.078844e+000	
3.582558e-001	8.998980e+000	3.223937e+000	
3.751394e-001	8.998967e+000	3.375867e+000	
3.928187e-001	8.998956e+000	3.534958e+000	
4.113310e-001	8.998942e+000	3.701544e+000	
4.307158e-001	8.998929e+000	3.875981e+000	
4.510141e-001	8.998915e+000	4.058638e+000	
4.722690e-001	8.998900e+000	4.249901e+000	
4.945255e-001	8.998884e+000	4.450178e+000	
5.178308e-001	8.998868e+000	4.659891e+000	
5.422344e-001	8.998851e+000	4.879487e+000	
5.677880e-001	8.998834e+000	5.109430e+000	
5.945458e-001	8.998815e+000	5.350207e+000	
6.225646e-001	8.998796e+000	5.602331e+000	
6.519036e-001	8.998775e+000	5.866334e+000	
6.826252e-001	8.998754e+000	6.142776e+000	
7.147946e-001	8.998731e+000	6.432244e+000	
7.484799e-001	8.998708e+000	6.735352e+000	
7.837525e-001	8.998683e+000	7.052740e+000	
8.206873e-001	8.998657e+000	7.385084e+000	
8.593625e-001	8.998631e+000	7.733086e+000	
8.998602e-001	8.998602e+000	8.097484e+000	
9.422662e-001	8.998572e+000	8.479051e+000	
9.866705e-001	8.998542e+000	8.878596e+000	
1.033167e+000	8.998509e+000	9.296964e+000	
1.081855e+000	8.998475e+000	9.735043e+000	
1.132836e+000	8.998440e+000	1.019376e+001	
1.186221e+000	8.998403e+000	1.067409e+001	
1.242120e+000	8.998363e+000	1.117705e+001	
1.300653e+000	8.998322e+000	1.170370e+001	
1.361945e+000	8.998281e+000	1.225516e+001	
1.426124e+000	8.998236e+000	1.283260e+001	
1.493328e+000	8.998188e+000	1.343724e+001	
1.563697e+000	8.998139e+000	1.407037e+001	
1.637383e+000	8.998088e+000	1.473331e+001	
1.714540e+000	8.998034e+000	1.542749e+001	
1.795333e+000	8.997978e+000	1.615436e+001	
1.879932e+000	8.997919e+000	1.691547e+001	
1.968517e+000	8.997857e+000	1.771243e+001	
2.061275e+000	8.997792e+000	1.854693e+001	
2.158404e+000	8.997725e+000	1.942072e+001	
2.260108e+000	8.997654e+000	2.033567e+001	
2.366605e+000	8.997580e+000	2.129371e+001	
2.478118e+000	8.997501e+000	2.229687e+001	
2.594884e+000	8.997420e+000	2.334727e+001	
2.717152e+000	8.997334e+000	2.444712e+001	
2.845179e+000	8.997246e+000	2.559877e+001	
2.979237e+000	8.997151e+000	2.680464e+001	
3.119610e+000	8.997054e+000	2.806730e+001	
3.266595e+000	8.996951e+000	2.938940e+001	
3.420505e+000	8.996843e+000	3.077374e+001	
3.581663e+000	8.996731e+000	3.222326e+001	
3.750412e+000	8.996613e+000	3.374101e+001	
3.927110e+000	8.996490e+000	3.533020e+001	
4.112130e+000	8.996360e+000	3.699420e+001	
4.305863e+000	8.996224e+000	3.873651e+001	
4.508721e+000	8.996082e+000	4.056083e+001	
4.721133e+000	8.995934e+000	4.247100e+001	
4.943547e+000	8.995777e+000	4.447105e+001	
5.176435e+000	8.995614e+000	4.656522e+001	
5.420290e+000	8.995442e+000	4.875791e+001	
5.675627e+000	8.995263e+000	5.105376e+001	
5.942987e+000	8.995075e+000	5.345762e+001	
6.222935e+000	8.994878e+000	5.597454e+001	
6.516064e+000	8.994672e+000	5.860985e+001	
6.822992e+000	8.994455e+000	6.136910e+001	
7.144370e+000	8.994228e+000	6.425809e+001	
7.480875e+000	8.993990e+000	6.728291e+001	
7.833220e+000	8.993740e+000	7.044995e+001	
8.202149e+000	8.993479e+000	7.376586e+001	
8.588443e+000	8.993203e+000	7.723761e+001	
8.992914e+000	8.992914e+000	8.087251e+001	
9.416420e+000	8.992611e+000	8.467820e+001	
9.859853e+000	8.992292e+000	8.866268e+001	
1.032415e+001	8.991958e+000	9.283430e+001	
1.081029e+001	8.991605e+000	9.720182e+001	
1.131929e+001	8.991233e+000	1.017744e+002	
1.185224e+001	8.990841e+000	1.065616e+002	
1.241024e+001	8.990427e+000	1.115734e+002	
1.299449e+001	8.989988e+000	1.168203e+002	
1.360619e+001	8.989524e+000	1.223132e+002	
1.424665e+001	8.989030e+000	1.280636e+002	
1.491720e+001	8.988502e+000	1.340833e+002	
1.561924e+001	8.987937e+000	1.403848e+002	
1.635425e+001	8.987328e+000	1.469810e+002	
1.712374e+001	8.986666e+000	1.538853e+002	
1.792931e+001	8.985942e+000	1.611118e+002	
1.877262e+001	8.985142e+000	1.686747e+002	
1.965538e+001	8.984244e+000	1.765888e+002	
2.057937e+001	8.983222e+000	1.848691e+002	
2.154640e+001	8.982037e+000	1.935306e+002	
2.255832e+001	8.980629e+000	2.025879e+002	
2.361695e+001	8.978915e+000	2.120546e+002	
2.472407e+001	8.976768e+000	2.219423e+002	
2.588128e+001	8.973993e+000	2.322584e+002	
2.708983e+001	8.970285e+000	2.430035e+002	
2.835033e+001	8.965160e+000	2.541652e+002	
2.966215e+001	8.957828e+000	2.657085e+002	
3.102243e+001	8.946966e+000	2.775566e+002	
3.242411e+001	8.930342e+000	2.895584e+002	
3.385266e+001	8.904159e+000	3.014295e+002	
3.528107e+001	8.862204e+000	3.126680e+002	
3.666520e+001	8.795369e+000	3.224840e+002	
3.794724e+001	8.693211e+000	3.298834e+002	
3.907499e+001	8.548676e+000	3.340394e+002	
4.002566e+001	8.362546e+000	3.347164e+002	
4.080951e+001	8.142569e+000	3.322943e+002	
4.145401e+001	7.898899e+000	3.274410e+002	
4.198868e+001	7.640683e+000	3.208222e+002	
4.243834e+001	7.374939e+000	3.129802e+002	
4.282194e+001	7.106673e+000	3.043215e+002	
4.315369e+001	6.839398e+000	2.951453e+002	
4.344402e+001	6.575519e+000	2.856670e+002	
4.370076e+001	6.316681e+000	2.760437e+002	
4.392982e+001	6.064003e+000	2.663905e+002	
4.413564e+001	5.818210e+000	2.567904e+002	
4.432191e+001	5.579798e+000	2.473073e+002	
4.449139e+001	5.349042e+000	2.379863e+002	
4.464635e+001	5.126087e+000	2.288611e+002	
4.478863e+001	4.910975e+000	2.199559e+002	
4.491975e+001	4.703675e+000	2.112879e+002	
4.504097e+001	4.504097e+000	2.028689e+002	
4.515336e+001	4.312113e+000	1.947064e+002	
4.525784e+001	4.127564e+000	1.868046e+002	
4.535517e+001	3.950270e+000	1.791652e+002	
4.544604e+001	3.780037e+000	1.717877e+002	
4.553093e+001	3.616651e+000	1.646695e+002	
4.561050e+001	3.459910e+000	1.578082e+002	
4.568513e+001	3.309595e+000	1.511993e+002	
4.575523e+001	3.165488e+000	1.448377e+002	
4.582115e+001	3.027373e+000	1.387177e+002	
4.588320e+001	2.895034e+000	1.328334e+002	
4.594167e+001	2.768259e+000	1.271784e+002	
4.599681e+001	2.646840e+000	1.217462e+002	
4.604887e+001	2.530573e+000	1.165300e+002	
4.609804e+001	2.419260e+000	1.115231e+002	
4.614452e+001	2.312705e+000	1.067186e+002	
4.618849e+001	2.210720e+000	1.021098e+002	
4.623011e+001	2.113124e+000	9.768993e+001	
4.626952e+001	2.019738e+000	9.345229e+001	
4.630686e+001	1.930391e+000	8.939036e+001	
4.634226e+001	1.844919e+000	8.549771e+001	
4.637584e+001	1.763160e+000	8.176804e+001	
4.640770e+001	1.684962e+000	7.819518e+001	
4.643794e+001	1.610174e+000	7.477318e+001	
4.646666e+001	1.538656e+000	7.149618e+001	
4.649382e+001	1.470264e+000	6.835817e+001	
4.651971e+001	1.404873e+000	6.535427e+001	
4.654431e+001	1.342353e+000	6.247888e+001	
4.656770e+001	1.282581e+000	5.972683e+001	
4.658993e+001	1.225440e+000	5.709317e+001	
4.661108e+001	1.170817e+000	5.457306e+001	
4.663120e+001	1.118604e+000	5.216186e+001	
4.665033e+001	1.068697e+000	4.985508e+001	
4.666854e+001	1.020996e+000	4.764842e+001	
4.668588e+001	9.754062e-001	4.553770e+001	
4.670238e+001	9.318350e-001	4.351891e+001	
4.671809e+001	8.901948e-001	4.158820e+001	
4.673305e+001	8.504018e-001	3.974187e+001	
4.674730e+001	8.123750e-001	3.797634e+001	
4.676088e+001	7.760373e-001	3.628819e+001	
4.677380e+001	7.413148e-001	3.467411e+001	
4.678613e+001	7.081367e-001	3.313097e+001	
4.679786e+001	6.764349e-001	3.165571e+001	
4.680905e+001	6.461448e-001	3.024543e+001	
4.681972e+001	6.172041e-001	2.889732e+001	
4.682988e+001	5.895533e-001	2.760871e+001	
4.683957e+001	5.631355e-001	2.637702e+001	
4.684881e+001	5.378963e-001	2.519980e+001	
4.685762e+001	5.137836e-001	2.407467e+001	
4.686602e+001	4.907475e-001	2.299938e+001	
4.687403e+001	4.687403e-001	2.197174e+001	
4.688167e+001	4.477164e-001	2.098969e+001	
4.688895e+001	4.276323e-001	2.005123e+001	
4.689590e+001	4.084463e-001	1.915446e+001	
4.690253e+001	3.901183e-001	1.829754e+001	
4.690886e+001	3.726103e-001	1.747873e+001	
4.691489e+001	3.558859e-001	1.669635e+001	
4.692065e+001	3.399101e-001	1.594880e+001	
4.692615e+001	3.246496e-001	1.523456e+001	
4.693139e+001	3.100726e-001	1.455214e+001	
4.693639e+001	2.961486e-001	1.390015e+001	
4.694108e+001	2.828480e-001	1.327719e+001	
4.694563e+001	2.701439e-001	1.268208e+001	
4.694997e+001	2.580093e-001	1.211353e+001	
4.695411e+001	2.464187e-001	1.157037e+001	
4.695806e+001	2.353478e-001	1.105148e+001	
4.696183e+001	2.247735e-001	1.055577e+001	
4.696543e+001	2.146734e-001	1.008223e+001	
4.696887e+001	2.050265e-001	9.629864e+000	
4.697215e+001	1.958125e-001	9.197733e+000	
4.697527e+001	1.870119e-001	8.784937e+000	
4.697826e+001	1.786064e-001	8.390617e+000	
4.698111e+001	1.705781e-001	8.013949e+000	
4.698383e+001	1.629103e-001	7.654149e+000	
4.698643e+001	1.555867e-001	7.310464e+000	
4.698891e+001	1.485920e-001	6.982175e+000	
4.699128e+001	1.419114e-001	6.668598e+000	
4.699354e+001	1.355308e-001	6.369074e+000	
4.699570e+001	1.294369e-001	6.082977e+000	
4.699776e+001	1.236167e-001	5.809707e+000	
4.699972e+001	1.180580e-001	5.548691e+000	
4.700160e+001	1.127490e-001	5.299382e+000	
4.700339e+001	1.076785e-001	5.061257e+000	
4.700510e+001	1.028360e-001	4.833814e+000	
4.700673e+001	9.821098e-002	4.616577e+000	
4.700829e+001	9.379388e-002	4.409090e+000	
4.700978e+001	8.957529e-002	4.210915e+000	
4.701120e+001	8.554632e-002	4.021636e+000	
4.701256e+001	8.169846e-002	3.840854e+000	
4.701385e+001	7.802358e-002	3.668189e+000	
4.701509e+001	7.451390e-002	3.503278e+000	
4.701627e+001	7.116201e-002	3.345772e+000	
4.701740e+001	6.796082e-002	3.195341e+000	
4.701848e+001	6.490356e-002	3.051667e+000	
4.701950e+001	6.198378e-002	2.914447e+000	
4.702049e+001	5.919529e-002	2.783391e+000	
4.702142e+001	5.653219e-002	2.658224e+000	
4.702232e+001	5.398885e-002	2.538681e+000	
4.702317e+001	5.155988e-002	2.424509e+000	
4.702399e+001	4.924016e-002	2.315469e+000	
4.702477e+001	4.702477e-002	2.211329e+000	
