V(out)	I(R3)	power	

6.161226e-020	6.161226e+000	3.796070e-019	
6.451596e-020	6.161226e+000	3.974974e-019	
6.755650e-020	6.161226e+000	4.162308e-019	
7.074034e-020	6.161226e+000	4.358472e-019	
7.407423e-020	6.161226e+000	4.563881e-019	
7.756524e-020	6.161226e+000	4.778970e-019	
8.122078e-020	6.161226e+000	5.004196e-019	
8.504860e-020	6.161226e+000	5.240036e-019	
8.905681e-020	6.161226e+000	5.486991e-019	
9.325393e-020	6.161226e+000	5.745585e-019	
9.764885e-020	6.161226e+000	6.016366e-019	
1.022509e-019	6.161226e+000	6.299909e-019	
1.070698e-019	6.161226e+000	6.596815e-019	
1.121159e-019	6.161226e+000	6.907712e-019	
1.173997e-019	6.161226e+000	7.233263e-019	
1.229326e-019	6.161226e+000	7.574156e-019	
1.287263e-019	6.161226e+000	7.931116e-019	
1.347929e-019	6.161226e+000	8.304897e-019	
1.411455e-019	6.161226e+000	8.696295e-019	
1.477975e-019	6.161226e+000	9.106139e-019	
1.547630e-019	6.161226e+000	9.535298e-019	
1.620568e-019	6.161226e+000	9.984683e-019	
1.696943e-019	6.161226e+000	1.045525e-018	
1.776917e-019	6.161226e+000	1.094799e-018	
1.860660e-019	6.161226e+000	1.146395e-018	
1.948351e-019	6.161226e+000	1.200423e-018	
2.040174e-019	6.161226e+000	1.256997e-018	
2.136324e-019	6.161226e+000	1.316238e-018	
2.237006e-019	6.161226e+000	1.378270e-018	
2.342433e-019	6.161226e+000	1.443226e-018	
2.452828e-019	6.161226e+000	1.511243e-018	
2.568427e-019	6.161226e+000	1.582466e-018	
2.689473e-019	6.161226e+000	1.657045e-018	
2.816224e-019	6.161226e+000	1.735139e-018	
2.948948e-019	6.161226e+000	1.816914e-018	
3.087928e-019	6.161226e+000	1.902542e-018	
3.233457e-019	6.161226e+000	1.992206e-018	
3.385845e-019	6.161226e+000	2.086096e-018	
3.545416e-019	6.161226e+000	2.184411e-018	
3.712506e-019	6.161226e+000	2.287359e-018	
3.887471e-019	6.161226e+000	2.395159e-018	
4.070682e-019	6.161226e+000	2.508039e-018	
4.262527e-019	6.161226e+000	2.626239e-018	
4.463414e-019	6.161226e+000	2.750010e-018	
4.673768e-019	6.161226e+000	2.879614e-018	
4.894036e-019	6.161226e+000	3.015326e-018	
5.124685e-019	6.161226e+000	3.157434e-018	
5.366203e-019	6.161226e+000	3.306239e-018	
5.619105e-019	6.161226e+000	3.462058e-018	
5.883925e-019	6.161226e+000	3.625219e-018	
6.161226e-019	6.161226e+000	3.796070e-018	
6.451596e-019	6.161226e+000	3.974974e-018	
6.755650e-019	6.161226e+000	4.162309e-018	
7.074034e-019	6.161226e+000	4.358472e-018	
7.407423e-019	6.161226e+000	4.563881e-018	
7.756524e-019	6.161226e+000	4.778969e-018	
8.122078e-019	6.161226e+000	5.004195e-018	
8.504860e-019	6.161226e+000	5.240036e-018	
8.905681e-019	6.161226e+000	5.486991e-018	
9.325393e-019	6.161226e+000	5.745585e-018	
9.764885e-019	6.161226e+000	6.016366e-018	
1.022509e-018	6.161226e+000	6.299909e-018	
1.070698e-018	6.161226e+000	6.596814e-018	
1.121159e-018	6.161226e+000	6.907713e-018	
1.173997e-018	6.161226e+000	7.233263e-018	
1.229326e-018	6.161226e+000	7.574157e-018	
1.287263e-018	6.161226e+000	7.931116e-018	
1.347929e-018	6.161226e+000	8.304897e-018	
1.411455e-018	6.161226e+000	8.696295e-018	
1.477975e-018	6.161226e+000	9.106139e-018	
1.547630e-018	6.161226e+000	9.535298e-018	
1.620568e-018	6.161226e+000	9.984683e-018	
1.696943e-018	6.161226e+000	1.045525e-017	
1.776917e-018	6.161226e+000	1.094799e-017	
1.860660e-018	6.161226e+000	1.146395e-017	
1.948351e-018	6.161226e+000	1.200423e-017	
2.040174e-018	6.161226e+000	1.256997e-017	
2.136324e-018	6.161226e+000	1.316237e-017	
2.237006e-018	6.161226e+000	1.378270e-017	
2.342433e-018	6.161226e+000	1.443226e-017	
2.452828e-018	6.161226e+000	1.511243e-017	
2.568426e-018	6.161226e+000	1.582466e-017	
2.689473e-018	6.161226e+000	1.657045e-017	
2.816224e-018	6.161226e+000	1.735139e-017	
2.948948e-018	6.161226e+000	1.816914e-017	
3.087928e-018	6.161226e+000	1.902542e-017	
3.233457e-018	6.161226e+000	1.992206e-017	
3.385845e-018	6.161226e+000	2.086096e-017	
3.545416e-018	6.161226e+000	2.184411e-017	
3.712506e-018	6.161226e+000	2.287359e-017	
3.887471e-018	6.161226e+000	2.395159e-017	
4.070682e-018	6.161226e+000	2.508039e-017	
4.262527e-018	6.161226e+000	2.626239e-017	
4.463414e-018	6.161226e+000	2.750010e-017	
4.673768e-018	6.161226e+000	2.879614e-017	
4.894036e-018	6.161226e+000	3.015326e-017	
5.124685e-018	6.161226e+000	3.157434e-017	
5.366204e-018	6.161226e+000	3.306239e-017	
5.619105e-018	6.161226e+000	3.462057e-017	
5.883925e-018	6.161226e+000	3.625219e-017	
6.161226e-018	6.161226e+000	3.796070e-017	
6.451596e-018	6.161226e+000	3.974974e-017	
6.755650e-018	6.161226e+000	4.162308e-017	
7.074034e-018	6.161226e+000	4.358472e-017	
7.407423e-018	6.161226e+000	4.563881e-017	
7.756524e-018	6.161226e+000	4.778970e-017	
8.122077e-018	6.161226e+000	5.004195e-017	
8.504859e-018	6.161226e+000	5.240036e-017	
8.905681e-018	6.161226e+000	5.486991e-017	
9.325393e-018	6.161226e+000	5.745585e-017	
9.764885e-018	6.161226e+000	6.016366e-017	
1.022509e-017	6.161226e+000	6.299909e-017	
1.070698e-017	6.161226e+000	6.596814e-017	
1.121159e-017	6.161226e+000	6.907713e-017	
1.173997e-017	6.161226e+000	7.233263e-017	
1.229326e-017	6.161226e+000	7.574156e-017	
1.287263e-017	6.161226e+000	7.931116e-017	
1.347929e-017	6.161226e+000	8.304897e-017	
1.411455e-017	6.161226e+000	8.696295e-017	
1.477975e-017	6.161226e+000	9.106139e-017	
1.547630e-017	6.161226e+000	9.535298e-017	
1.620568e-017	6.161226e+000	9.984683e-017	
1.696942e-017	6.161226e+000	1.045525e-016	
1.776917e-017	6.161226e+000	1.094799e-016	
1.860661e-017	6.161226e+000	1.146395e-016	
1.948351e-017	6.161226e+000	1.200423e-016	
2.040174e-017	6.161226e+000	1.256997e-016	
2.136324e-017	6.161226e+000	1.316238e-016	
2.237006e-017	6.161226e+000	1.378270e-016	
2.342433e-017	6.161226e+000	1.443226e-016	
2.452828e-017	6.161226e+000	1.511243e-016	
2.568427e-017	6.161226e+000	1.582466e-016	
2.689473e-017	6.161226e+000	1.657045e-016	
2.816224e-017	6.161226e+000	1.735139e-016	
2.948948e-017	6.161226e+000	1.816914e-016	
3.087928e-017	6.161226e+000	1.902542e-016	
3.233457e-017	6.161226e+000	1.992206e-016	
3.385845e-017	6.161226e+000	2.086096e-016	
3.545416e-017	6.161226e+000	2.184411e-016	
3.712506e-017	6.161226e+000	2.287359e-016	
3.887471e-017	6.161226e+000	2.395159e-016	
4.070682e-017	6.161226e+000	2.508039e-016	
4.262527e-017	6.161226e+000	2.626239e-016	
4.463414e-017	6.161226e+000	2.750010e-016	
4.673768e-017	6.161226e+000	2.879614e-016	
4.894036e-017	6.161226e+000	3.015326e-016	
5.124685e-017	6.161226e+000	3.157434e-016	
5.366204e-017	6.161226e+000	3.306239e-016	
5.619105e-017	6.161226e+000	3.462057e-016	
5.883925e-017	6.161226e+000	3.625219e-016	
6.161226e-017	6.161226e+000	3.796071e-016	
6.451596e-017	6.161226e+000	3.974974e-016	
6.755650e-017	6.161226e+000	4.162309e-016	
7.074034e-017	6.161226e+000	4.358472e-016	
7.407423e-017	6.161226e+000	4.563881e-016	
7.756524e-017	6.161226e+000	4.778970e-016	
8.122078e-017	6.161226e+000	5.004196e-016	
8.504859e-017	6.161226e+000	5.240036e-016	
8.905681e-017	6.161226e+000	5.486991e-016	
9.325393e-017	6.161226e+000	5.745585e-016	
9.764885e-017	6.161226e+000	6.016366e-016	
1.022509e-016	6.161226e+000	6.299909e-016	
1.070698e-016	6.161226e+000	6.596814e-016	
1.121159e-016	6.161226e+000	6.907713e-016	
1.173997e-016	6.161226e+000	7.233263e-016	
1.229326e-016	6.161226e+000	7.574156e-016	
1.287263e-016	6.161226e+000	7.931115e-016	
1.347929e-016	6.161226e+000	8.304897e-016	
1.411455e-016	6.161226e+000	8.696295e-016	
1.477975e-016	6.161226e+000	9.106139e-016	
1.547630e-016	6.161226e+000	9.535298e-016	
1.620568e-016	6.161226e+000	9.984682e-016	
1.696942e-016	6.161226e+000	1.045525e-015	
1.776917e-016	6.161226e+000	1.094799e-015	
1.860660e-016	6.161226e+000	1.146395e-015	
1.948351e-016	6.161226e+000	1.200423e-015	
2.040174e-016	6.161226e+000	1.256997e-015	
2.136324e-016	6.161226e+000	1.316238e-015	
2.237006e-016	6.161226e+000	1.378270e-015	
2.342433e-016	6.161226e+000	1.443226e-015	
2.452828e-016	6.161226e+000	1.511243e-015	
2.568427e-016	6.161226e+000	1.582466e-015	
2.689473e-016	6.161226e+000	1.657045e-015	
2.816224e-016	6.161226e+000	1.735139e-015	
2.948948e-016	6.161226e+000	1.816914e-015	
3.087928e-016	6.161226e+000	1.902542e-015	
3.233457e-016	6.161226e+000	1.992206e-015	
3.385846e-016	6.161226e+000	2.086096e-015	
3.545415e-016	6.161226e+000	2.184411e-015	
3.712506e-016	6.161226e+000	2.287359e-015	
3.887471e-016	6.161226e+000	2.395158e-015	
4.070682e-016	6.161226e+000	2.508039e-015	
4.262527e-016	6.161226e+000	2.626239e-015	
4.463414e-016	6.161226e+000	2.750010e-015	
4.673768e-016	6.161226e+000	2.879614e-015	
4.894036e-016	6.161226e+000	3.015326e-015	
5.124685e-016	6.161226e+000	3.157434e-015	
5.366204e-016	6.161226e+000	3.306239e-015	
5.619105e-016	6.161226e+000	3.462057e-015	
5.883925e-016	6.161226e+000	3.625219e-015	
6.161226e-016	6.161226e+000	3.796071e-015	
6.451596e-016	6.161226e+000	3.974974e-015	
6.755650e-016	6.161226e+000	4.162308e-015	
7.074034e-016	6.161226e+000	4.358472e-015	
7.407423e-016	6.161226e+000	4.563880e-015	
7.756524e-016	6.161226e+000	4.778970e-015	
8.122078e-016	6.161226e+000	5.004195e-015	
8.504859e-016	6.161226e+000	5.240036e-015	
8.905681e-016	6.161226e+000	5.486991e-015	
9.325393e-016	6.161226e+000	5.745585e-015	
9.764885e-016	6.161226e+000	6.016366e-015	
1.022509e-015	6.161226e+000	6.299909e-015	
1.070698e-015	6.161226e+000	6.596814e-015	
1.121159e-015	6.161226e+000	6.907713e-015	
1.173997e-015	6.161226e+000	7.233263e-015	
1.229326e-015	6.161226e+000	7.574156e-015	
1.287263e-015	6.161226e+000	7.931115e-015	
1.347929e-015	6.161226e+000	8.304897e-015	
1.411455e-015	6.161226e+000	8.696295e-015	
1.477975e-015	6.161226e+000	9.106139e-015	
1.547630e-015	6.161226e+000	9.535298e-015	
1.620568e-015	6.161226e+000	9.984683e-015	
1.696943e-015	6.161226e+000	1.045525e-014	
1.776917e-015	6.161226e+000	1.094799e-014	
1.860661e-015	6.161226e+000	1.146395e-014	
1.948351e-015	6.161226e+000	1.200423e-014	
2.040174e-015	6.161226e+000	1.256997e-014	
2.136324e-015	6.161226e+000	1.316237e-014	
2.237006e-015	6.161226e+000	1.378270e-014	
2.342433e-015	6.161226e+000	1.443226e-014	
2.452828e-015	6.161226e+000	1.511243e-014	
2.568426e-015	6.161226e+000	1.582466e-014	
2.689473e-015	6.161226e+000	1.657045e-014	
2.816224e-015	6.161226e+000	1.735139e-014	
2.948948e-015	6.161226e+000	1.816914e-014	
3.087928e-015	6.161226e+000	1.902542e-014	
3.233457e-015	6.161226e+000	1.992206e-014	
3.385845e-015	6.161226e+000	2.086096e-014	
3.545415e-015	6.161226e+000	2.184411e-014	
3.712506e-015	6.161226e+000	2.287359e-014	
3.887471e-015	6.161226e+000	2.395159e-014	
4.070682e-015	6.161226e+000	2.508039e-014	
4.262527e-015	6.161226e+000	2.626239e-014	
4.463414e-015	6.161226e+000	2.750010e-014	
4.673768e-015	6.161226e+000	2.879614e-014	
4.894036e-015	6.161226e+000	3.015326e-014	
5.124684e-015	6.161226e+000	3.157434e-014	
5.366204e-015	6.161226e+000	3.306239e-014	
5.619105e-015	6.161226e+000	3.462057e-014	
5.883925e-015	6.161226e+000	3.625219e-014	
6.161226e-015	6.161226e+000	3.796071e-014	
6.451596e-015	6.161226e+000	3.974974e-014	
6.755650e-015	6.161226e+000	4.162309e-014	
7.074034e-015	6.161226e+000	4.358472e-014	
7.407423e-015	6.161226e+000	4.563880e-014	
7.756524e-015	6.161226e+000	4.778969e-014	
8.122078e-015	6.161226e+000	5.004196e-014	
8.504860e-015	6.161226e+000	5.240036e-014	
8.905682e-015	6.161226e+000	5.486991e-014	
9.325393e-015	6.161226e+000	5.745585e-014	
9.764886e-015	6.161226e+000	6.016366e-014	
1.022509e-014	6.161226e+000	6.299909e-014	
1.070698e-014	6.161226e+000	6.596814e-014	
1.121159e-014	6.161226e+000	6.907713e-014	
1.173997e-014	6.161226e+000	7.233263e-014	
1.229326e-014	6.161226e+000	7.574156e-014	
1.287263e-014	6.161226e+000	7.931115e-014	
1.347929e-014	6.161226e+000	8.304897e-014	
1.411455e-014	6.161226e+000	8.696295e-014	
1.477975e-014	6.161226e+000	9.106139e-014	
1.547630e-014	6.161226e+000	9.535298e-014	
1.620567e-014	6.161226e+000	9.984682e-014	
1.696943e-014	6.161226e+000	1.045525e-013	
1.776917e-014	6.161226e+000	1.094799e-013	
1.860661e-014	6.161226e+000	1.146395e-013	
1.948351e-014	6.161226e+000	1.200423e-013	
2.040174e-014	6.161226e+000	1.256997e-013	
2.136324e-014	6.161226e+000	1.316238e-013	
2.237006e-014	6.161226e+000	1.378270e-013	
2.342433e-014	6.161226e+000	1.443226e-013	
2.452828e-014	6.161226e+000	1.511243e-013	
2.568426e-014	6.161226e+000	1.582466e-013	
2.689473e-014	6.161226e+000	1.657045e-013	
2.816224e-014	6.161226e+000	1.735139e-013	
2.948948e-014	6.161226e+000	1.816914e-013	
3.087928e-014	6.161226e+000	1.902542e-013	
3.233457e-014	6.161226e+000	1.992206e-013	
3.385845e-014	6.161226e+000	2.086096e-013	
3.545416e-014	6.161226e+000	2.184411e-013	
3.712506e-014	6.161226e+000	2.287359e-013	
3.887471e-014	6.161226e+000	2.395159e-013	
4.070682e-014	6.161226e+000	2.508039e-013	
4.262527e-014	6.161226e+000	2.626239e-013	
4.463414e-014	6.161226e+000	2.750010e-013	
4.673768e-014	6.161226e+000	2.879614e-013	
4.894036e-014	6.161226e+000	3.015326e-013	
5.124685e-014	6.161226e+000	3.157434e-013	
5.366203e-014	6.161226e+000	3.306239e-013	
5.619105e-014	6.161226e+000	3.462057e-013	
5.883925e-014	6.161226e+000	3.625219e-013	
6.161226e-014	6.161226e+000	3.796071e-013	
6.451596e-014	6.161226e+000	3.974974e-013	
6.755650e-014	6.161226e+000	4.162309e-013	
7.074034e-014	6.161226e+000	4.358472e-013	
7.407423e-014	6.161226e+000	4.563881e-013	
7.756524e-014	6.161226e+000	4.778970e-013	
8.122078e-014	6.161226e+000	5.004195e-013	
8.504859e-014	6.161226e+000	5.240036e-013	
8.905681e-014	6.161226e+000	5.486991e-013	
9.325393e-014	6.161226e+000	5.745585e-013	
9.764885e-014	6.161226e+000	6.016366e-013	
1.022509e-013	6.161226e+000	6.299909e-013	
1.070698e-013	6.161226e+000	6.596814e-013	
1.121159e-013	6.161226e+000	6.907713e-013	
1.173997e-013	6.161226e+000	7.233263e-013	
1.229326e-013	6.161226e+000	7.574156e-013	
1.287263e-013	6.161226e+000	7.931115e-013	
1.347929e-013	6.161226e+000	8.304897e-013	
1.411455e-013	6.161226e+000	8.696295e-013	
1.477975e-013	6.161226e+000	9.106139e-013	
1.547630e-013	6.161226e+000	9.535298e-013	
1.620568e-013	6.161226e+000	9.984683e-013	
1.696943e-013	6.161226e+000	1.045525e-012	
1.776917e-013	6.161226e+000	1.094799e-012	
1.860660e-013	6.161226e+000	1.146395e-012	
1.948351e-013	6.161226e+000	1.200423e-012	
2.040174e-013	6.161226e+000	1.256997e-012	
2.136324e-013	6.161226e+000	1.316238e-012	
2.237006e-013	6.161226e+000	1.378270e-012	
2.342433e-013	6.161226e+000	1.443226e-012	
2.452828e-013	6.161226e+000	1.511243e-012	
2.568426e-013	6.161226e+000	1.582466e-012	
2.689473e-013	6.161226e+000	1.657045e-012	
2.816224e-013	6.161226e+000	1.735139e-012	
2.948948e-013	6.161226e+000	1.816913e-012	
3.087928e-013	6.161226e+000	1.902542e-012	
3.233457e-013	6.161226e+000	1.992206e-012	
3.385845e-013	6.161226e+000	2.086096e-012	
3.545416e-013	6.161226e+000	2.184411e-012	
3.712506e-013	6.161226e+000	2.287359e-012	
3.887471e-013	6.161226e+000	2.395159e-012	
4.070682e-013	6.161226e+000	2.508039e-012	
4.262527e-013	6.161226e+000	2.626239e-012	
4.463414e-013	6.161226e+000	2.750010e-012	
4.673768e-013	6.161226e+000	2.879614e-012	
4.894036e-013	6.161226e+000	3.015326e-012	
5.124685e-013	6.161226e+000	3.157434e-012	
5.366203e-013	6.161226e+000	3.306239e-012	
5.619105e-013	6.161226e+000	3.462057e-012	
5.883925e-013	6.161226e+000	3.625219e-012	
6.161226e-013	6.161226e+000	3.796070e-012	
6.451595e-013	6.161226e+000	3.974974e-012	
6.755650e-013	6.161226e+000	4.162309e-012	
7.074034e-013	6.161226e+000	4.358472e-012	
7.407423e-013	6.161226e+000	4.563880e-012	
7.756524e-013	6.161226e+000	4.778969e-012	
8.122078e-013	6.161226e+000	5.004196e-012	
8.504860e-013	6.161226e+000	5.240036e-012	
8.905681e-013	6.161226e+000	5.486991e-012	
9.325393e-013	6.161226e+000	5.745585e-012	
9.764885e-013	6.161226e+000	6.016366e-012	
1.022509e-012	6.161226e+000	6.299909e-012	
1.070698e-012	6.161226e+000	6.596814e-012	
1.121159e-012	6.161226e+000	6.907713e-012	
1.173997e-012	6.161226e+000	7.233263e-012	
1.229326e-012	6.161226e+000	7.574156e-012	
1.287263e-012	6.161226e+000	7.931116e-012	
1.347929e-012	6.161226e+000	8.304897e-012	
1.411455e-012	6.161226e+000	8.696295e-012	
1.477975e-012	6.161226e+000	9.106139e-012	
1.547630e-012	6.161226e+000	9.535298e-012	
1.620568e-012	6.161226e+000	9.984683e-012	
1.696943e-012	6.161226e+000	1.045525e-011	
1.776917e-012	6.161226e+000	1.094799e-011	
1.860660e-012	6.161226e+000	1.146395e-011	
1.948351e-012	6.161226e+000	1.200423e-011	
2.040174e-012	6.161226e+000	1.256997e-011	
2.136324e-012	6.161226e+000	1.316238e-011	
2.237006e-012	6.161226e+000	1.378270e-011	
2.342433e-012	6.161226e+000	1.443226e-011	
2.452828e-012	6.161226e+000	1.511243e-011	
2.568427e-012	6.161226e+000	1.582466e-011	
2.689473e-012	6.161226e+000	1.657045e-011	
2.816224e-012	6.161226e+000	1.735139e-011	
2.948948e-012	6.161226e+000	1.816914e-011	
3.087928e-012	6.161226e+000	1.902542e-011	
3.233457e-012	6.161226e+000	1.992206e-011	
3.385846e-012	6.161226e+000	2.086096e-011	
3.545415e-012	6.161226e+000	2.184411e-011	
3.712506e-012	6.161226e+000	2.287359e-011	
3.887471e-012	6.161226e+000	2.395158e-011	
4.070682e-012	6.161226e+000	2.508039e-011	
4.262527e-012	6.161226e+000	2.626239e-011	
4.463414e-012	6.161226e+000	2.750010e-011	
4.673768e-012	6.161226e+000	2.879614e-011	
4.894036e-012	6.161226e+000	3.015326e-011	
5.124685e-012	6.161226e+000	3.157434e-011	
5.366204e-012	6.161226e+000	3.306239e-011	
5.619105e-012	6.161226e+000	3.462057e-011	
5.883925e-012	6.161226e+000	3.625219e-011	
6.161226e-012	6.161226e+000	3.796070e-011	
6.451596e-012	6.161226e+000	3.974974e-011	
6.755650e-012	6.161226e+000	4.162308e-011	
7.074034e-012	6.161226e+000	4.358472e-011	
7.407423e-012	6.161226e+000	4.563880e-011	
7.756524e-012	6.161226e+000	4.778969e-011	
8.122078e-012	6.161226e+000	5.004195e-011	
8.504859e-012	6.161226e+000	5.240036e-011	
8.905681e-012	6.161226e+000	5.486991e-011	
9.325393e-012	6.161226e+000	5.745585e-011	
9.764885e-012	6.161226e+000	6.016366e-011	
1.022509e-011	6.161226e+000	6.299909e-011	
1.070698e-011	6.161226e+000	6.596815e-011	
1.121159e-011	6.161226e+000	6.907713e-011	
1.173997e-011	6.161226e+000	7.233263e-011	
1.229326e-011	6.161226e+000	7.574156e-011	
1.287263e-011	6.161226e+000	7.931115e-011	
1.347929e-011	6.161226e+000	8.304897e-011	
1.411455e-011	6.161226e+000	8.696295e-011	
1.477975e-011	6.161226e+000	9.106139e-011	
1.547630e-011	6.161226e+000	9.535298e-011	
1.620568e-011	6.161226e+000	9.984683e-011	
1.696943e-011	6.161226e+000	1.045525e-010	
1.776917e-011	6.161226e+000	1.094799e-010	
1.860661e-011	6.161226e+000	1.146395e-010	
1.948351e-011	6.161226e+000	1.200423e-010	
2.040174e-011	6.161226e+000	1.256997e-010	
2.136324e-011	6.161226e+000	1.316238e-010	
2.237006e-011	6.161226e+000	1.378270e-010	
2.342433e-011	6.161226e+000	1.443226e-010	
2.452828e-011	6.161226e+000	1.511243e-010	
2.568427e-011	6.161226e+000	1.582466e-010	
2.689473e-011	6.161226e+000	1.657045e-010	
2.816224e-011	6.161226e+000	1.735139e-010	
2.948948e-011	6.161226e+000	1.816913e-010	
3.087928e-011	6.161226e+000	1.902542e-010	
3.233457e-011	6.161226e+000	1.992206e-010	
3.385845e-011	6.161226e+000	2.086096e-010	
3.545415e-011	6.161226e+000	2.184410e-010	
3.712506e-011	6.161226e+000	2.287359e-010	
3.887471e-011	6.161226e+000	2.395159e-010	
4.070682e-011	6.161226e+000	2.508039e-010	
4.262527e-011	6.161226e+000	2.626239e-010	
4.463414e-011	6.161226e+000	2.750010e-010	
4.673768e-011	6.161226e+000	2.879614e-010	
4.894036e-011	6.161226e+000	3.015326e-010	
5.124685e-011	6.161226e+000	3.157434e-010	
5.366204e-011	6.161226e+000	3.306239e-010	
5.619105e-011	6.161226e+000	3.462057e-010	
5.883925e-011	6.161226e+000	3.625219e-010	
6.161226e-011	6.161226e+000	3.796070e-010	
6.451596e-011	6.161226e+000	3.974974e-010	
6.755650e-011	6.161226e+000	4.162309e-010	
7.074034e-011	6.161226e+000	4.358472e-010	
7.407423e-011	6.161226e+000	4.563880e-010	
7.756524e-011	6.161226e+000	4.778970e-010	
8.122078e-011	6.161226e+000	5.004196e-010	
8.504859e-011	6.161226e+000	5.240036e-010	
8.905681e-011	6.161226e+000	5.486991e-010	
9.325393e-011	6.161226e+000	5.745585e-010	
9.764885e-011	6.161226e+000	6.016366e-010	
1.022509e-010	6.161226e+000	6.299909e-010	
1.070698e-010	6.161226e+000	6.596815e-010	
1.121159e-010	6.161226e+000	6.907713e-010	
1.173997e-010	6.161226e+000	7.233263e-010	
1.229326e-010	6.161226e+000	7.574156e-010	
1.287263e-010	6.161226e+000	7.931115e-010	
1.347929e-010	6.161226e+000	8.304897e-010	
1.411455e-010	6.161226e+000	8.696295e-010	
1.477975e-010	6.161226e+000	9.106139e-010	
1.547630e-010	6.161226e+000	9.535298e-010	
1.620568e-010	6.161226e+000	9.984683e-010	
1.696943e-010	6.161226e+000	1.045525e-009	
1.776917e-010	6.161226e+000	1.094799e-009	
1.860661e-010	6.161226e+000	1.146395e-009	
1.948351e-010	6.161226e+000	1.200423e-009	
2.040174e-010	6.161226e+000	1.256997e-009	
2.136324e-010	6.161226e+000	1.316238e-009	
2.237006e-010	6.161226e+000	1.378270e-009	
2.342433e-010	6.161226e+000	1.443226e-009	
2.452828e-010	6.161226e+000	1.511243e-009	
2.568427e-010	6.161226e+000	1.582466e-009	
2.689473e-010	6.161226e+000	1.657045e-009	
2.816224e-010	6.161226e+000	1.735139e-009	
2.948948e-010	6.161226e+000	1.816914e-009	
3.087928e-010	6.161226e+000	1.902542e-009	
3.233457e-010	6.161226e+000	1.992206e-009	
3.385845e-010	6.161226e+000	2.086096e-009	
3.545416e-010	6.161226e+000	2.184411e-009	
3.712506e-010	6.161226e+000	2.287359e-009	
3.887471e-010	6.161226e+000	2.395159e-009	
4.070682e-010	6.161226e+000	2.508039e-009	
4.262527e-010	6.161226e+000	2.626239e-009	
4.463414e-010	6.161226e+000	2.750010e-009	
4.673768e-010	6.161226e+000	2.879614e-009	
4.894036e-010	6.161226e+000	3.015326e-009	
5.124685e-010	6.161226e+000	3.157434e-009	
5.366204e-010	6.161226e+000	3.306239e-009	
5.619105e-010	6.161226e+000	3.462058e-009	
5.883925e-010	6.161226e+000	3.625219e-009	
6.161226e-010	6.161226e+000	3.796070e-009	
6.451596e-010	6.161226e+000	3.974974e-009	
6.755650e-010	6.161226e+000	4.162308e-009	
7.074034e-010	6.161226e+000	4.358472e-009	
7.407423e-010	6.161226e+000	4.563881e-009	
7.756524e-010	6.161226e+000	4.778969e-009	
8.122077e-010	6.161226e+000	5.004195e-009	
8.504860e-010	6.161226e+000	5.240036e-009	
8.905681e-010	6.161226e+000	5.486991e-009	
9.325393e-010	6.161226e+000	5.745585e-009	
9.764886e-010	6.161226e+000	6.016366e-009	
1.022509e-009	6.161226e+000	6.299909e-009	
1.070698e-009	6.161226e+000	6.596815e-009	
1.121159e-009	6.161226e+000	6.907713e-009	
1.173997e-009	6.161226e+000	7.233263e-009	
1.229326e-009	6.161226e+000	7.574156e-009	
1.287263e-009	6.161226e+000	7.931115e-009	
1.347929e-009	6.161226e+000	8.304898e-009	
1.411455e-009	6.161226e+000	8.696295e-009	
1.477975e-009	6.161226e+000	9.106139e-009	
1.547630e-009	6.161226e+000	9.535298e-009	
1.620568e-009	6.161226e+000	9.984683e-009	
1.696943e-009	6.161226e+000	1.045525e-008	
1.776917e-009	6.161226e+000	1.094799e-008	
1.860661e-009	6.161226e+000	1.146395e-008	
1.948351e-009	6.161226e+000	1.200423e-008	
2.040174e-009	6.161226e+000	1.256997e-008	
2.136324e-009	6.161226e+000	1.316237e-008	
2.237006e-009	6.161226e+000	1.378270e-008	
2.342433e-009	6.161226e+000	1.443226e-008	
2.452828e-009	6.161226e+000	1.511243e-008	
2.568427e-009	6.161226e+000	1.582466e-008	
2.689473e-009	6.161226e+000	1.657045e-008	
2.816224e-009	6.161226e+000	1.735139e-008	
2.948948e-009	6.161226e+000	1.816914e-008	
3.087928e-009	6.161226e+000	1.902542e-008	
3.233457e-009	6.161226e+000	1.992206e-008	
3.385846e-009	6.161226e+000	2.086096e-008	
3.545416e-009	6.161226e+000	2.184411e-008	
3.712506e-009	6.161226e+000	2.287359e-008	
3.887471e-009	6.161226e+000	2.395159e-008	
4.070682e-009	6.161226e+000	2.508039e-008	
4.262527e-009	6.161226e+000	2.626239e-008	
4.463414e-009	6.161226e+000	2.750010e-008	
4.673768e-009	6.161226e+000	2.879614e-008	
4.894036e-009	6.161226e+000	3.015326e-008	
5.124685e-009	6.161226e+000	3.157434e-008	
5.366203e-009	6.161226e+000	3.306239e-008	
5.619105e-009	6.161226e+000	3.462057e-008	
5.883925e-009	6.161226e+000	3.625219e-008	
6.161226e-009	6.161226e+000	3.796071e-008	
6.451596e-009	6.161226e+000	3.974974e-008	
6.755650e-009	6.161226e+000	4.162308e-008	
7.074034e-009	6.161226e+000	4.358472e-008	
7.407423e-009	6.161226e+000	4.563881e-008	
7.756524e-009	6.161226e+000	4.778970e-008	
8.122078e-009	6.161226e+000	5.004196e-008	
8.504859e-009	6.161226e+000	5.240036e-008	
8.905682e-009	6.161226e+000	5.486991e-008	
9.325393e-009	6.161226e+000	5.745585e-008	
9.764885e-009	6.161226e+000	6.016366e-008	
1.022509e-008	6.161226e+000	6.299909e-008	
1.070698e-008	6.161226e+000	6.596814e-008	
1.121159e-008	6.161226e+000	6.907713e-008	
1.173997e-008	6.161226e+000	7.233263e-008	
1.229326e-008	6.161226e+000	7.574157e-008	
1.287263e-008	6.161226e+000	7.931115e-008	
1.347929e-008	6.161226e+000	8.304897e-008	
1.411455e-008	6.161226e+000	8.696295e-008	
1.477975e-008	6.161226e+000	9.106139e-008	
1.547630e-008	6.161226e+000	9.535297e-008	
1.620568e-008	6.161226e+000	9.984682e-008	
1.696942e-008	6.161226e+000	1.045525e-007	
1.776917e-008	6.161226e+000	1.094799e-007	
1.860660e-008	6.161226e+000	1.146395e-007	
1.948351e-008	6.161226e+000	1.200423e-007	
2.040174e-008	6.161226e+000	1.256997e-007	
2.136324e-008	6.161226e+000	1.316238e-007	
2.237006e-008	6.161226e+000	1.378270e-007	
2.342433e-008	6.161226e+000	1.443226e-007	
2.452828e-008	6.161226e+000	1.511243e-007	
2.568427e-008	6.161226e+000	1.582466e-007	
2.689473e-008	6.161226e+000	1.657045e-007	
2.816224e-008	6.161226e+000	1.735139e-007	
2.948948e-008	6.161226e+000	1.816914e-007	
3.087928e-008	6.161226e+000	1.902542e-007	
3.233457e-008	6.161226e+000	1.992206e-007	
3.385846e-008	6.161226e+000	2.086096e-007	
3.545415e-008	6.161226e+000	2.184410e-007	
3.712506e-008	6.161226e+000	2.287359e-007	
3.887471e-008	6.161226e+000	2.395159e-007	
4.070682e-008	6.161226e+000	2.508039e-007	
4.262527e-008	6.161226e+000	2.626239e-007	
4.463414e-008	6.161226e+000	2.750010e-007	
4.673768e-008	6.161226e+000	2.879614e-007	
4.894036e-008	6.161226e+000	3.015326e-007	
5.124685e-008	6.161226e+000	3.157434e-007	
5.366203e-008	6.161226e+000	3.306239e-007	
5.619105e-008	6.161226e+000	3.462057e-007	
5.883925e-008	6.161226e+000	3.625219e-007	
6.161226e-008	6.161226e+000	3.796071e-007	
6.451596e-008	6.161226e+000	3.974974e-007	
6.755650e-008	6.161226e+000	4.162308e-007	
7.074034e-008	6.161226e+000	4.358472e-007	
7.407423e-008	6.161226e+000	4.563881e-007	
7.756524e-008	6.161226e+000	4.778970e-007	
8.122078e-008	6.161226e+000	5.004195e-007	
8.504860e-008	6.161226e+000	5.240036e-007	
8.905681e-008	6.161226e+000	5.486991e-007	
9.325393e-008	6.161226e+000	5.745585e-007	
9.764885e-008	6.161226e+000	6.016366e-007	
1.022509e-007	6.161226e+000	6.299909e-007	
1.070698e-007	6.161226e+000	6.596814e-007	
1.121159e-007	6.161226e+000	6.907713e-007	
1.173997e-007	6.161226e+000	7.233263e-007	
1.229326e-007	6.161226e+000	7.574156e-007	
1.287263e-007	6.161226e+000	7.931115e-007	
1.347929e-007	6.161226e+000	8.304897e-007	
1.411455e-007	6.161226e+000	8.696295e-007	
1.477975e-007	6.161226e+000	9.106139e-007	
1.547630e-007	6.161226e+000	9.535298e-007	
1.620568e-007	6.161226e+000	9.984682e-007	
1.696943e-007	6.161226e+000	1.045525e-006	
1.776917e-007	6.161226e+000	1.094799e-006	
1.860660e-007	6.161226e+000	1.146395e-006	
1.948351e-007	6.161226e+000	1.200423e-006	
2.040174e-007	6.161226e+000	1.256997e-006	
2.136324e-007	6.161226e+000	1.316237e-006	
2.237006e-007	6.161226e+000	1.378270e-006	
2.342433e-007	6.161226e+000	1.443226e-006	
2.452828e-007	6.161226e+000	1.511243e-006	
2.568426e-007	6.161226e+000	1.582465e-006	
2.689473e-007	6.161226e+000	1.657045e-006	
2.816224e-007	6.161226e+000	1.735139e-006	
2.948948e-007	6.161226e+000	1.816914e-006	
3.087928e-007	6.161226e+000	1.902542e-006	
3.233457e-007	6.161226e+000	1.992206e-006	
3.385846e-007	6.161226e+000	2.086096e-006	
3.545416e-007	6.161226e+000	2.184411e-006	
3.712506e-007	6.161226e+000	2.287359e-006	
3.887471e-007	6.161226e+000	2.395159e-006	
4.070682e-007	6.161226e+000	2.508039e-006	
4.262527e-007	6.161226e+000	2.626239e-006	
4.463414e-007	6.161226e+000	2.750010e-006	
4.673768e-007	6.161226e+000	2.879614e-006	
4.894036e-007	6.161226e+000	3.015326e-006	
5.124684e-007	6.161226e+000	3.157434e-006	
5.366203e-007	6.161226e+000	3.306239e-006	
5.619105e-007	6.161226e+000	3.462057e-006	
5.883925e-007	6.161226e+000	3.625219e-006	
6.161226e-007	6.161226e+000	3.796070e-006	
6.451596e-007	6.161226e+000	3.974974e-006	
6.755650e-007	6.161226e+000	4.162308e-006	
7.074034e-007	6.161226e+000	4.358472e-006	
7.407423e-007	6.161226e+000	4.563880e-006	
7.756524e-007	6.161226e+000	4.778969e-006	
8.122078e-007	6.161226e+000	5.004195e-006	
8.504859e-007	6.161226e+000	5.240036e-006	
8.905681e-007	6.161226e+000	5.486991e-006	
9.325393e-007	6.161226e+000	5.745585e-006	
9.764885e-007	6.161226e+000	6.016366e-006	
1.022509e-006	6.161226e+000	6.299909e-006	
1.070698e-006	6.161226e+000	6.596814e-006	
1.121159e-006	6.161226e+000	6.907712e-006	
1.173997e-006	6.161226e+000	7.233263e-006	
1.229326e-006	6.161226e+000	7.574157e-006	
1.287263e-006	6.161226e+000	7.931115e-006	
1.347929e-006	6.161226e+000	8.304897e-006	
1.411455e-006	6.161226e+000	8.696295e-006	
1.477975e-006	6.161226e+000	9.106139e-006	
1.547630e-006	6.161226e+000	9.535298e-006	
1.620568e-006	6.161226e+000	9.984683e-006	
1.696942e-006	6.161226e+000	1.045525e-005	
1.776917e-006	6.161226e+000	1.094799e-005	
1.860661e-006	6.161226e+000	1.146395e-005	
1.948351e-006	6.161226e+000	1.200423e-005	
2.040174e-006	6.161226e+000	1.256997e-005	
2.136324e-006	6.161226e+000	1.316238e-005	
2.237006e-006	6.161226e+000	1.378270e-005	
2.342433e-006	6.161226e+000	1.443226e-005	
2.452828e-006	6.161226e+000	1.511243e-005	
2.568426e-006	6.161226e+000	1.582466e-005	
2.689473e-006	6.161226e+000	1.657045e-005	
2.816224e-006	6.161226e+000	1.735139e-005	
2.948948e-006	6.161226e+000	1.816914e-005	
3.087928e-006	6.161226e+000	1.902542e-005	
3.233457e-006	6.161226e+000	1.992206e-005	
3.385846e-006	6.161226e+000	2.086096e-005	
3.545415e-006	6.161226e+000	2.184411e-005	
3.712506e-006	6.161226e+000	2.287359e-005	
3.887470e-006	6.161226e+000	2.395158e-005	
4.070681e-006	6.161226e+000	2.508039e-005	
4.262527e-006	6.161226e+000	2.626239e-005	
4.463413e-006	6.161226e+000	2.750010e-005	
4.673768e-006	6.161226e+000	2.879614e-005	
4.894036e-006	6.161226e+000	3.015326e-005	
5.124684e-006	6.161226e+000	3.157434e-005	
5.366203e-006	6.161226e+000	3.306239e-005	
5.619105e-006	6.161226e+000	3.462057e-005	
5.883925e-006	6.161226e+000	3.625219e-005	
6.161226e-006	6.161226e+000	3.796070e-005	
6.451595e-006	6.161226e+000	3.974974e-005	
6.755650e-006	6.161226e+000	4.162308e-005	
7.074033e-006	6.161226e+000	4.358472e-005	
7.407422e-006	6.161226e+000	4.563880e-005	
7.756524e-006	6.161226e+000	4.778969e-005	
8.122077e-006	6.161226e+000	5.004195e-005	
8.504859e-006	6.161226e+000	5.240035e-005	
8.905680e-006	6.161226e+000	5.486991e-005	
9.325392e-006	6.161226e+000	5.745585e-005	
9.764884e-006	6.161225e+000	6.016365e-005	
1.022509e-005	6.161225e+000	6.299908e-005	
1.070698e-005	6.161225e+000	6.596813e-005	
1.121159e-005	6.161225e+000	6.907712e-005	
1.173997e-005	6.161225e+000	7.233262e-005	
1.229326e-005	6.161225e+000	7.574155e-005	
1.287262e-005	6.161225e+000	7.931114e-005	
1.347929e-005	6.161225e+000	8.304896e-005	
1.411455e-005	6.161225e+000	8.696293e-005	
1.477975e-005	6.161225e+000	9.106137e-005	
1.547630e-005	6.161225e+000	9.535296e-005	
1.620567e-005	6.161225e+000	9.984680e-005	
1.696942e-005	6.161225e+000	1.045524e-004	
1.776917e-005	6.161225e+000	1.094798e-004	
1.860660e-005	6.161225e+000	1.146395e-004	
1.948350e-005	6.161225e+000	1.200423e-004	
2.040173e-005	6.161225e+000	1.256997e-004	
2.136324e-005	6.161225e+000	1.316237e-004	
2.237006e-005	6.161225e+000	1.378269e-004	
2.342432e-005	6.161225e+000	1.443225e-004	
2.452828e-005	6.161225e+000	1.511242e-004	
2.568426e-005	6.161225e+000	1.582465e-004	
2.689472e-005	6.161225e+000	1.657044e-004	
2.816223e-005	6.161225e+000	1.735138e-004	
2.948947e-005	6.161225e+000	1.816913e-004	
3.087927e-005	6.161224e+000	1.902541e-004	
3.233457e-005	6.161224e+000	1.992205e-004	
3.385845e-005	6.161224e+000	2.086095e-004	
3.545414e-005	6.161224e+000	2.184409e-004	
3.712505e-005	6.161224e+000	2.287357e-004	
3.887470e-005	6.161224e+000	2.395157e-004	
4.070680e-005	6.161224e+000	2.508037e-004	
4.262526e-005	6.161224e+000	2.626237e-004	
4.463412e-005	6.161224e+000	2.750008e-004	
4.673766e-005	6.161224e+000	2.879612e-004	
4.894034e-005	6.161224e+000	3.015324e-004	
5.124683e-005	6.161223e+000	3.157431e-004	
5.366201e-005	6.161223e+000	3.306237e-004	
5.619102e-005	6.161223e+000	3.462055e-004	
5.883922e-005	6.161223e+000	3.625216e-004	
6.161223e-005	6.161223e+000	3.796067e-004	
6.451592e-005	6.161223e+000	3.974970e-004	
6.755647e-005	6.161223e+000	4.162304e-004	
7.074030e-005	6.161222e+000	4.358467e-004	
7.407419e-005	6.161222e+000	4.563876e-004	
7.756519e-005	6.161222e+000	4.778964e-004	
8.122073e-005	6.161222e+000	5.004189e-004	
8.504854e-005	6.161222e+000	5.240029e-004	
8.905675e-005	6.161222e+000	5.486984e-004	
9.325386e-005	6.161222e+000	5.745577e-004	
9.764878e-005	6.161222e+000	6.016358e-004	
1.022508e-004	6.161221e+000	6.299899e-004	
1.070697e-004	6.161221e+000	6.596804e-004	
1.121158e-004	6.161221e+000	6.907701e-004	
1.173996e-004	6.161221e+000	7.233250e-004	
1.229325e-004	6.161220e+000	7.574142e-004	
1.287261e-004	6.161220e+000	7.931100e-004	
1.347928e-004	6.161220e+000	8.304880e-004	
1.411454e-004	6.161219e+000	8.696276e-004	
1.477973e-004	6.161219e+000	9.106118e-004	
1.547628e-004	6.161219e+000	9.535276e-004	
1.620565e-004	6.161218e+000	9.984657e-004	
1.696940e-004	6.161218e+000	1.045522e-003	
1.776915e-004	6.161218e+000	1.094796e-003	
1.860658e-004	6.161217e+000	1.146392e-003	
1.948348e-004	6.161217e+000	1.200419e-003	
2.040171e-004	6.161216e+000	1.256993e-003	
2.136321e-004	6.161216e+000	1.316233e-003	
2.237002e-004	6.161215e+000	1.378265e-003	
2.342428e-004	6.161215e+000	1.443221e-003	
2.452824e-004	6.161214e+000	1.511237e-003	
2.568421e-004	6.161214e+000	1.582459e-003	
2.689467e-004	6.161213e+000	1.657038e-003	
2.816218e-004	6.161212e+000	1.735131e-003	
2.948942e-004	6.161212e+000	1.816905e-003	
3.087920e-004	6.161211e+000	1.902533e-003	
3.233449e-004	6.161211e+000	1.992196e-003	
3.385837e-004	6.161210e+000	2.086085e-003	
3.545406e-004	6.161209e+000	2.184399e-003	
3.712495e-004	6.161208e+000	2.287346e-003	
3.887459e-004	6.161207e+000	2.395144e-003	
4.070669e-004	6.161207e+000	2.508023e-003	
4.262513e-004	6.161206e+000	2.626222e-003	
4.463398e-004	6.161205e+000	2.749991e-003	
4.673751e-004	6.161204e+000	2.879593e-003	
4.894017e-004	6.161202e+000	3.015303e-003	
5.124664e-004	6.161201e+000	3.157409e-003	
5.366181e-004	6.161201e+000	3.306212e-003	
5.619081e-004	6.161199e+000	3.462027e-003	
5.883898e-004	6.161198e+000	3.625186e-003	
6.161197e-004	6.161197e+000	3.796034e-003	
6.451563e-004	6.161195e+000	3.974934e-003	
6.755614e-004	6.161194e+000	4.162265e-003	
7.073995e-004	6.161192e+000	4.358424e-003	
7.407380e-004	6.161191e+000	4.563828e-003	
7.756477e-004	6.161189e+000	4.778912e-003	
8.122026e-004	6.161187e+000	5.004132e-003	
8.504803e-004	6.161185e+000	5.239967e-003	
8.905620e-004	6.161183e+000	5.486916e-003	
9.325325e-004	6.161181e+000	5.745502e-003	
9.764811e-004	6.161179e+000	6.016275e-003	
1.022501e-003	6.161177e+000	6.299809e-003	
1.070689e-003	6.161175e+000	6.596705e-003	
1.121149e-003	6.161172e+000	6.907593e-003	
1.173987e-003	6.161170e+000	7.233132e-003	
1.229314e-003	6.161167e+000	7.574012e-003	
1.287250e-003	6.161164e+000	7.930957e-003	
1.347915e-003	6.161161e+000	8.304724e-003	
1.411440e-003	6.161159e+000	8.696105e-003	
1.477958e-003	6.161155e+000	9.105930e-003	
1.547611e-003	6.161152e+000	9.535069e-003	
1.620547e-003	6.161149e+000	9.984432e-003	
1.696920e-003	6.161145e+000	1.045497e-002	
1.776892e-003	6.161141e+000	1.094768e-002	
1.860634e-003	6.161137e+000	1.146362e-002	
1.948321e-003	6.161133e+000	1.200387e-002	
2.040141e-003	6.161129e+000	1.256957e-002	
2.136289e-003	6.161124e+000	1.316194e-002	
2.236967e-003	6.161119e+000	1.378222e-002	
2.342390e-003	6.161114e+000	1.443173e-002	
2.452781e-003	6.161108e+000	1.511185e-002	
2.568375e-003	6.161103e+000	1.582403e-002	
2.689417e-003	6.161097e+000	1.656976e-002	
2.816162e-003	6.161091e+000	1.735063e-002	
2.948881e-003	6.161085e+000	1.816830e-002	
3.087854e-003	6.161078e+000	1.902451e-002	
3.233376e-003	6.161071e+000	1.992106e-002	
3.385756e-003	6.161064e+000	2.085986e-002	
3.545318e-003	6.161056e+000	2.184290e-002	
3.712399e-003	6.161048e+000	2.287227e-002	
3.887353e-003	6.161040e+000	2.395014e-002	
4.070553e-003	6.161031e+000	2.507880e-002	
4.262386e-003	6.161022e+000	2.626065e-002	
4.463259e-003	6.161012e+000	2.749819e-002	
4.673598e-003	6.161002e+000	2.879405e-002	
4.893850e-003	6.160992e+000	3.015097e-002	
5.124480e-003	6.160981e+000	3.157183e-002	
5.365980e-003	6.160969e+000	3.305964e-002	
5.618860e-003	6.160957e+000	3.461755e-002	
5.883656e-003	6.160944e+000	3.624888e-002	
6.160931e-003	6.160931e+000	3.795707e-002	
6.451272e-003	6.160917e+000	3.974576e-002	
6.755295e-003	6.160903e+000	4.161872e-002	
7.073645e-003	6.160887e+000	4.357993e-002	
7.406997e-003	6.160872e+000	4.563355e-002	
7.756057e-003	6.160855e+000	4.778394e-002	
8.121565e-003	6.160837e+000	5.003564e-002	
8.504298e-003	6.160819e+000	5.239344e-002	
8.905065e-003	6.160800e+000	5.486232e-002	
9.324717e-003	6.160779e+000	5.744753e-002	
9.764144e-003	6.160758e+000	6.015453e-002	
1.022428e-002	6.160737e+000	6.298908e-002	
1.070609e-002	6.160713e+000	6.595717e-002	
1.121061e-002	6.160689e+000	6.906510e-002	
1.173890e-002	6.160664e+000	7.231944e-002	
1.229209e-002	6.160637e+000	7.572710e-002	
1.287134e-002	6.160610e+000	7.929529e-002	
1.347788e-002	6.160581e+000	8.303158e-002	
1.411301e-002	6.160550e+000	8.694388e-002	
1.477805e-002	6.160519e+000	9.104048e-002	
1.547444e-002	6.160485e+000	9.533005e-002	
1.620363e-002	6.160450e+000	9.982168e-002	
1.696719e-002	6.160414e+000	1.045249e-001	
1.776672e-002	6.160376e+000	1.094496e-001	
1.860392e-002	6.160335e+000	1.146064e-001	
1.948056e-002	6.160293e+000	1.200059e-001	
2.039850e-002	6.160249e+000	1.256599e-001	
2.135970e-002	6.160203e+000	1.315801e-001	
2.236617e-002	6.160155e+000	1.377791e-001	
2.342007e-002	6.160105e+000	1.442701e-001	
2.452361e-002	6.160052e+000	1.510667e-001	
2.567914e-002	6.159997e+000	1.581834e-001	
2.688911e-002	6.159939e+000	1.656353e-001	
2.815607e-002	6.159878e+000	1.734380e-001	
2.948273e-002	6.159814e+000	1.816081e-001	
3.087187e-002	6.159748e+000	1.901629e-001	
3.232645e-002	6.159678e+000	1.991206e-001	
3.384955e-002	6.159606e+000	2.084999e-001	
3.544439e-002	6.159529e+000	2.183208e-001	
3.711435e-002	6.159449e+000	2.286040e-001	
3.886297e-002	6.159365e+000	2.393712e-001	
4.069394e-002	6.159277e+000	2.506453e-001	
4.261116e-002	6.159186e+000	2.624500e-001	
4.461866e-002	6.159090e+000	2.748103e-001	
4.672071e-002	6.158989e+000	2.877523e-001	
4.892175e-002	6.158884e+000	3.013034e-001	
5.122644e-002	6.158773e+000	3.154921e-001	
5.363967e-002	6.158658e+000	3.303484e-001	
5.616652e-002	6.158537e+000	3.459036e-001	
5.881236e-002	6.158410e+000	3.621906e-001	
6.158277e-002	6.158278e+000	3.792438e-001	
6.448363e-002	6.158139e+000	3.970991e-001	
6.752105e-002	6.157993e+000	4.157942e-001	
7.070147e-002	6.157841e+000	4.353684e-001	
7.403161e-002	6.157681e+000	4.558631e-001	
7.751852e-002	6.157515e+000	4.773214e-001	
8.116955e-002	6.157340e+000	4.997885e-001	
8.499242e-002	6.157156e+000	5.233117e-001	
8.899522e-002	6.156965e+000	5.479404e-001	
9.318640e-002	6.156765e+000	5.737267e-001	
9.757481e-002	6.156554e+000	6.007246e-001	
1.021697e-001	6.156334e+000	6.289909e-001	
1.069808e-001	6.156104e+000	6.585850e-001	
1.120183e-001	6.155863e+000	6.895692e-001	
1.172927e-001	6.155610e+000	7.220083e-001	
1.228153e-001	6.155345e+000	7.559705e-001	
1.285976e-001	6.155069e+000	7.915272e-001	
1.346519e-001	6.154779e+000	8.287526e-001	
1.409909e-001	6.154475e+000	8.677249e-001	
1.476279e-001	6.154158e+000	9.085257e-001	
1.545771e-001	6.153825e+000	9.512403e-001	
1.618529e-001	6.153476e+000	9.959581e-001	
1.694708e-001	6.153111e+000	1.042773e+000	
1.774467e-001	6.152730e+000	1.091781e+000	
1.857974e-001	6.152330e+000	1.143087e+000	
1.945405e-001	6.151911e+000	1.196796e+000	
2.036944e-001	6.151473e+000	1.253021e+000	
2.132783e-001	6.151014e+000	1.311878e+000	
2.233124e-001	6.150534e+000	1.373490e+000	
2.338176e-001	6.150031e+000	1.437986e+000	
2.448162e-001	6.149504e+000	1.505498e+000	
2.563310e-001	6.148952e+000	1.576167e+000	
2.683863e-001	6.148375e+000	1.650140e+000	
2.810073e-001	6.147771e+000	1.727569e+000	
2.942205e-001	6.147138e+000	1.808614e+000	
3.080535e-001	6.146475e+000	1.893443e+000	
3.225352e-001	6.145782e+000	1.982231e+000	
3.376960e-001	6.145056e+000	2.075160e+000	
3.535673e-001	6.144296e+000	2.172422e+000	
3.701825e-001	6.143500e+000	2.274216e+000	
3.875761e-001	6.142667e+000	2.380751e+000	
4.057844e-001	6.141795e+000	2.492245e+000	
4.248452e-001	6.140882e+000	2.608925e+000	
4.447984e-001	6.139927e+000	2.731030e+000	
4.656852e-001	6.138927e+000	2.858807e+000	
4.875491e-001	6.137879e+000	2.992518e+000	
5.104354e-001	6.136783e+000	3.132431e+000	
5.343915e-001	6.135636e+000	3.278832e+000	
5.594671e-001	6.134435e+000	3.432014e+000	
5.857139e-001	6.133178e+000	3.592288e+000	
6.131862e-001	6.131862e+000	3.759973e+000	
6.419405e-001	6.130485e+000	3.935407e+000	
6.720362e-001	6.129043e+000	4.118939e+000	
7.035351e-001	6.127534e+000	4.310935e+000	
7.365018e-001	6.125955e+000	4.511777e+000	
7.710040e-001	6.124302e+000	4.721861e+000	
8.071123e-001	6.122573e+000	4.941604e+000	
8.449004e-001	6.120762e+000	5.171435e+000	
8.844455e-001	6.118868e+000	5.411805e+000	
9.258281e-001	6.116886e+000	5.663185e+000	
9.691322e-001	6.114811e+000	5.926060e+000	
1.014446e+000	6.112640e+000	6.200942e+000	
1.061860e+000	6.110368e+000	6.488358e+000	
1.111472e+000	6.107991e+000	6.788859e+000	
1.163380e+000	6.105504e+000	7.103021e+000	
1.217689e+000	6.102902e+000	7.431437e+000	
1.274508e+000	6.100179e+000	7.774728e+000	
1.333951e+000	6.097331e+000	8.133539e+000	
1.396135e+000	6.094351e+000	8.508538e+000	
1.461185e+000	6.091234e+000	8.900421e+000	
1.529230e+000	6.087973e+000	9.309908e+000	
1.600403e+000	6.084561e+000	9.737748e+000	
1.674845e+000	6.080994e+000	1.018472e+001	
1.752702e+000	6.077262e+000	1.065163e+001	
1.834125e+000	6.073359e+000	1.113930e+001	
1.919274e+000	6.069277e+000	1.164861e+001	
2.008313e+000	6.065009e+000	1.218044e+001	
2.101414e+000	6.060545e+000	1.273572e+001	
2.198756e+000	6.055879e+000	1.331540e+001	
2.300526e+000	6.050999e+000	1.392048e+001	
2.406915e+000	6.045897e+000	1.455196e+001	
2.518126e+000	6.040565e+000	1.521090e+001	
2.634369e+000	6.034990e+000	1.589839e+001	
2.755859e+000	6.029163e+000	1.661553e+001	
2.882824e+000	6.023073e+000	1.736346e+001	
3.015498e+000	6.016709e+000	1.814337e+001	
3.154124e+000	6.010059e+000	1.895647e+001	
3.298955e+000	6.003111e+000	1.980399e+001	
3.450253e+000	5.995852e+000	2.068720e+001	
3.608289e+000	5.988268e+000	2.160740e+001	
3.773344e+000	5.980348e+000	2.256591e+001	
3.945711e+000	5.972075e+000	2.356408e+001	
4.125690e+000	5.963436e+000	2.460329e+001	
4.313593e+000	5.954416e+000	2.568493e+001	
4.509743e+000	5.944999e+000	2.681042e+001	
4.714472e+000	5.935169e+000	2.798119e+001	
4.928125e+000	5.924910e+000	2.919869e+001	
5.151055e+000	5.914203e+000	3.046439e+001	
5.383629e+000	5.903032e+000	3.177974e+001	
5.626222e+000	5.891378e+000	3.314620e+001	
5.879222e+000	5.879222e+000	3.456526e+001	
6.143028e+000	5.866546e+000	3.603836e+001	
6.418047e+000	5.853329e+000	3.756694e+001	
6.704701e+000	5.839550e+000	3.915244e+001	
7.003419e+000	5.825190e+000	4.079625e+001	
7.314641e+000	5.810226e+000	4.249972e+001	
7.638818e+000	5.794636e+000	4.426417e+001	
7.976410e+000	5.778399e+000	4.609088e+001	
8.327888e+000	5.761490e+000	4.798104e+001	
8.693727e+000	5.743888e+000	4.993579e+001	
9.074413e+000	5.725567e+000	5.195616e+001	
9.470442e+000	5.706505e+000	5.404313e+001	
9.882311e+000	5.686677e+000	5.619750e+001	
1.031053e+001	5.666057e+000	5.842003e+001	
1.075560e+001	5.644620e+000	6.071129e+001	
1.121805e+001	5.622343e+000	6.307171e+001	
1.169838e+001	5.599198e+000	6.550157e+001	
1.219712e+001	5.575161e+000	6.800093e+001	
1.271479e+001	5.550207e+000	7.056970e+001	
1.325189e+001	5.524309e+000	7.320755e+001	
1.380895e+001	5.497442e+000	7.591391e+001	
1.438647e+001	5.469583e+000	7.868797e+001	
1.498494e+001	5.440704e+000	8.152865e+001	
1.560487e+001	5.410783e+000	8.443456e+001	
1.624672e+001	5.379796e+000	8.740405e+001	
1.691097e+001	5.347719e+000	9.043511e+001	
1.759806e+001	5.314529e+000	9.352541e+001	
1.830842e+001	5.280207e+000	9.667227e+001	
1.904247e+001	5.244730e+000	9.987260e+001	
1.980057e+001	5.208081e+000	1.031230e+002	
2.058310e+001	5.170239e+000	1.064195e+002	
2.139036e+001	5.131191e+000	1.097580e+002	
2.222267e+001	5.090919e+000	1.131338e+002	
2.308027e+001	5.049412e+000	1.165418e+002	
2.396337e+001	5.006657e+000	1.199764e+002	
2.487215e+001	4.962646e+000	1.234317e+002	
2.580674e+001	4.917373e+000	1.269014e+002	
2.676720e+001	4.870830e+000	1.303785e+002	
2.775358e+001	4.823019e+000	1.338560e+002	
2.876584e+001	4.773941e+000	1.373264e+002	
2.980385e+001	4.723592e+000	1.407812e+002	
3.086751e+001	4.671988e+000	1.442126e+002	
3.195660e+001	4.619133e+000	1.476118e+002	
3.307082e+001	4.565044e+000	1.509697e+002	
3.420982e+001	4.509733e+000	1.542771e+002	
3.537320e+001	4.453222e+000	1.575247e+002	
3.656046e+001	4.395534e+000	1.607027e+002	
3.777103e+001	4.336695e+000	1.638015e+002	
3.900430e+001	4.276736e+000	1.668111e+002	
4.025954e+001	4.215691e+000	1.697218e+002	
4.153597e+001	4.153597e+000	1.725237e+002	
4.283275e+001	4.090496e+000	1.752072e+002	
4.414895e+001	4.026432e+000	1.777627e+002	
4.518660e+001	3.935588e+000	1.778358e+002	
4.534210e+001	3.771392e+000	1.710028e+002	
4.544738e+001	3.610013e+000	1.640656e+002	
4.553832e+001	3.454435e+000	1.573092e+002	
4.562056e+001	3.304918e+000	1.507722e+002	
4.569622e+001	3.161406e+000	1.444643e+002	
4.576644e+001	3.023759e+000	1.383867e+002	
4.583194e+001	2.891800e+000	1.325368e+002	
4.589325e+001	2.765342e+000	1.269105e+002	
4.595078e+001	2.644192e+000	1.215027e+002	
4.600487e+001	2.528156e+000	1.163075e+002	
4.605580e+001	2.417043e+000	1.113188e+002	
4.610382e+001	2.310665e+000	1.065305e+002	
4.614914e+001	2.208837e+000	1.019359e+002	
4.619196e+001	2.111380e+000	9.752877e+001	
4.623244e+001	2.018119e+000	9.330258e+001	
4.627074e+001	1.928886e+000	8.925098e+001	
4.630701e+001	1.843515e+000	8.536768e+001	
4.634137e+001	1.761850e+000	8.164652e+001	
4.637393e+001	1.683736e+000	7.808143e+001	
4.640481e+001	1.609026e+000	7.466653e+001	
4.643410e+001	1.537578e+000	7.139605e+001	
4.646191e+001	1.469255e+000	6.826438e+001	
4.648831e+001	1.403925e+000	6.526608e+001	
4.651339e+001	1.341461e+000	6.239588e+001	
4.653721e+001	1.281741e+000	5.964865e+001	
4.655985e+001	1.224649e+000	5.701946e+001	
4.658137e+001	1.170071e+000	5.450351e+001	
4.660183e+001	1.117900e+000	5.209620e+001	
4.662130e+001	1.068032e+000	4.979305e+001	
4.663982e+001	1.020368e+000	4.758978e+001	
4.665743e+001	9.748119e-001	4.548222e+001	
4.667420e+001	9.312727e-001	4.346641e+001	
4.669016e+001	8.896627e-001	4.153850e+001	
4.670536e+001	8.498977e-001	3.969478e+001	
4.671983e+001	8.118975e-001	3.793171e+001	
4.673360e+001	7.755848e-001	3.624587e+001	
4.674673e+001	7.408857e-001	3.463398e+001	
4.675923e+001	7.077296e-001	3.309289e+001	
4.677114e+001	6.760486e-001	3.161957e+001	
4.678249e+001	6.457781e-001	3.021111e+001	
4.679331e+001	6.168560e-001	2.886473e+001	
4.680362e+001	5.892227e-001	2.757775e+001	
4.681345e+001	5.628214e-001	2.634761e+001	
4.682281e+001	5.375978e-001	2.517184e+001	
4.683174e+001	5.134999e-001	2.404809e+001	
4.684026e+001	4.904777e-001	2.297410e+001	
4.684838e+001	4.684838e-001	2.194770e+001	
4.685612e+001	4.474725e-001	2.096682e+001	
4.686350e+001	4.274002e-001	2.002947e+001	
4.687055e+001	4.082254e-001	1.913375e+001	
4.687727e+001	3.899081e-001	1.827783e+001	
4.688367e+001	3.724103e-001	1.745996e+001	
4.688979e+001	3.556954e-001	1.667848e+001	
4.689562e+001	3.397287e-001	1.593179e+001	
4.690119e+001	3.244769e-001	1.521835e+001	
4.690650e+001	3.099082e-001	1.453671e+001	
4.691157e+001	2.959920e-001	1.388545e+001	
4.691631e+001	2.826987e-001	1.326318e+001	
4.692092e+001	2.700017e-001	1.266873e+001	
4.692531e+001	2.578738e-001	1.210081e+001	
4.692950e+001	2.462896e-001	1.155825e+001	
4.693351e+001	2.352248e-001	1.103992e+001	
4.693732e+001	2.246562e-001	1.054476e+001	
4.694097e+001	2.145616e-001	1.007173e+001	
4.694445e+001	2.049199e-001	9.619854e+000	
4.694777e+001	1.957109e-001	9.188189e+000	
4.695094e+001	1.869150e-001	8.775836e+000	
4.695396e+001	1.785140e-001	8.381938e+000	
4.695685e+001	1.704900e-001	8.005674e+000	
4.695960e+001	1.628262e-001	7.646255e+000	
4.696223e+001	1.555066e-001	7.302935e+000	
4.696474e+001	1.485156e-001	6.974994e+000	
4.696714e+001	1.418385e-001	6.661748e+000	
4.696943e+001	1.354613e-001	6.362539e+000	
4.697161e+001	1.293706e-001	6.076743e+000	
4.697369e+001	1.235534e-001	5.803760e+000	
4.697568e+001	1.179976e-001	5.543017e+000	
4.697758e+001	1.126914e-001	5.293968e+000	
4.697940e+001	1.076236e-001	5.056091e+000	
4.698112e+001	1.027835e-001	4.828885e+000	
4.698278e+001	9.816094e-002	4.611874e+000	
4.698436e+001	9.374612e-002	4.404601e+000	
4.698586e+001	8.952972e-002	4.206631e+000	
4.698730e+001	8.550283e-002	4.017547e+000	
4.698867e+001	8.165696e-002	3.836952e+000	
4.698999e+001	7.798397e-002	3.664466e+000	
4.699124e+001	7.447609e-002	3.499724e+000	
4.699244e+001	7.112592e-002	3.342380e+000	
4.699358e+001	6.792638e-002	3.192104e+000	
4.699466e+001	6.487069e-002	3.048576e+000	
4.699570e+001	6.195240e-002	2.911497e+000	
4.699670e+001	5.916534e-002	2.780575e+000	
4.699765e+001	5.650360e-002	2.655536e+000	
4.699855e+001	5.396156e-002	2.536115e+000	
4.699942e+001	5.153384e-002	2.422060e+000	
4.700024e+001	4.921529e-002	2.313131e+000	
4.700103e+001	4.700103e-002	2.209097e+000	
