V(out)	I(R1)	power

% Ifail is 43% of Iphoto
%Step Information: Ifailure=2.55889  (Run: 3/6)
5.886367e-020	5.886367e+000	3.464931e-019	
6.163783e-020	5.886367e+000	3.628229e-019	
6.454273e-020	5.886367e+000	3.799222e-019	
6.758453e-020	5.886367e+000	3.978274e-019	
7.076970e-020	5.886367e+000	4.165764e-019	
7.410497e-020	5.886367e+000	4.362090e-019	
7.759743e-020	5.886367e+000	4.567669e-019	
8.125448e-020	5.886367e+000	4.782937e-019	
8.508388e-020	5.886367e+000	5.008349e-019	
8.909376e-020	5.886367e+000	5.244386e-019	
9.329262e-020	5.886367e+000	5.491546e-019	
9.768937e-020	5.886367e+000	5.750355e-019	
1.022933e-019	5.886367e+000	6.021361e-019	
1.071143e-019	5.886367e+000	6.305139e-019	
1.121624e-019	5.886367e+000	6.602291e-019	
1.174485e-019	5.886367e+000	6.913447e-019	
1.229836e-019	5.886367e+000	7.239268e-019	
1.287797e-019	5.886367e+000	7.580444e-019	
1.348489e-019	5.886367e+000	7.937699e-019	
1.412041e-019	5.886367e+000	8.311791e-019	
1.478588e-019	5.886367e+000	8.703514e-019	
1.548272e-019	5.886367e+000	9.113698e-019	
1.621240e-019	5.886367e+000	9.543213e-019	
1.697647e-019	5.886367e+000	9.992971e-019	
1.777654e-019	5.886367e+000	1.046393e-018	
1.861433e-019	5.886367e+000	1.095708e-018	
1.949159e-019	5.886367e+000	1.147347e-018	
2.041020e-019	5.886367e+000	1.201419e-018	
2.137211e-019	5.886367e+000	1.258041e-018	
2.237934e-019	5.886367e+000	1.317330e-018	
2.343405e-019	5.886367e+000	1.379414e-018	
2.453846e-019	5.886367e+000	1.444424e-018	
2.569492e-019	5.886367e+000	1.512497e-018	
2.690589e-019	5.886367e+000	1.583779e-018	
2.817392e-019	5.886367e+000	1.658420e-018	
2.950172e-019	5.886367e+000	1.736579e-018	
3.089209e-019	5.886367e+000	1.818422e-018	
3.234799e-019	5.886367e+000	1.904121e-018	
3.387251e-019	5.886367e+000	1.993860e-018	
3.546887e-019	5.886367e+000	2.087828e-018	
3.714046e-019	5.886367e+000	2.186224e-018	
3.889084e-019	5.886367e+000	2.289258e-018	
4.072371e-019	5.886367e+000	2.397147e-018	
4.264296e-019	5.886367e+000	2.510121e-018	
4.465266e-019	5.886367e+000	2.628419e-018	
4.675707e-019	5.886367e+000	2.752293e-018	
4.896067e-019	5.886367e+000	2.882004e-018	
5.126811e-019	5.886367e+000	3.017829e-018	
5.368430e-019	5.886367e+000	3.160055e-018	
5.621437e-019	5.886367e+000	3.308984e-018	
5.886367e-019	5.886367e+000	3.464931e-018	
6.163782e-019	5.886367e+000	3.628228e-018	
6.454273e-019	5.886367e+000	3.799222e-018	
6.758453e-019	5.886367e+000	3.978274e-018	
7.076969e-019	5.886367e+000	4.165764e-018	
7.410497e-019	5.886367e+000	4.362090e-018	
7.759743e-019	5.886367e+000	4.567669e-018	
8.125448e-019	5.886367e+000	4.782937e-018	
8.508389e-019	5.886367e+000	5.008350e-018	
8.909376e-019	5.886367e+000	5.244386e-018	
9.329262e-019	5.886367e+000	5.491546e-018	
9.768937e-019	5.886367e+000	5.750355e-018	
1.022933e-018	5.886367e+000	6.021361e-018	
1.071143e-018	5.886367e+000	6.305139e-018	
1.121624e-018	5.886367e+000	6.602291e-018	
1.174485e-018	5.886367e+000	6.913447e-018	
1.229836e-018	5.886367e+000	7.239268e-018	
1.287797e-018	5.886367e+000	7.580444e-018	
1.348489e-018	5.886367e+000	7.937699e-018	
1.412041e-018	5.886367e+000	8.311792e-018	
1.478588e-018	5.886367e+000	8.703514e-018	
1.548272e-018	5.886367e+000	9.113698e-018	
1.621240e-018	5.886367e+000	9.543213e-018	
1.697647e-018	5.886367e+000	9.992971e-018	
1.777654e-018	5.886367e+000	1.046393e-017	
1.861433e-018	5.886367e+000	1.095708e-017	
1.949159e-018	5.886367e+000	1.147347e-017	
2.041020e-018	5.886367e+000	1.201419e-017	
2.137211e-018	5.886367e+000	1.258041e-017	
2.237934e-018	5.886367e+000	1.317330e-017	
2.343405e-018	5.886367e+000	1.379414e-017	
2.453846e-018	5.886367e+000	1.444424e-017	
2.569492e-018	5.886367e+000	1.512497e-017	
2.690589e-018	5.886367e+000	1.583779e-017	
2.817392e-018	5.886367e+000	1.658420e-017	
2.950172e-018	5.886367e+000	1.736579e-017	
3.089209e-018	5.886367e+000	1.818422e-017	
3.234799e-018	5.886367e+000	1.904121e-017	
3.387250e-018	5.886367e+000	1.993860e-017	
3.546887e-018	5.886367e+000	2.087828e-017	
3.714046e-018	5.886367e+000	2.186224e-017	
3.889084e-018	5.886367e+000	2.289257e-017	
4.072371e-018	5.886367e+000	2.397147e-017	
4.264296e-018	5.886367e+000	2.510121e-017	
4.465266e-018	5.886367e+000	2.628419e-017	
4.675707e-018	5.886367e+000	2.752293e-017	
4.896066e-018	5.886367e+000	2.882004e-017	
5.126811e-018	5.886367e+000	3.017829e-017	
5.368430e-018	5.886367e+000	3.160055e-017	
5.621436e-018	5.886367e+000	3.308984e-017	
5.886367e-018	5.886367e+000	3.464931e-017	
6.163783e-018	5.886367e+000	3.628229e-017	
6.454273e-018	5.886367e+000	3.799222e-017	
6.758453e-018	5.886367e+000	3.978273e-017	
7.076969e-018	5.886367e+000	4.165764e-017	
7.410497e-018	5.886367e+000	4.362090e-017	
7.759742e-018	5.886367e+000	4.567669e-017	
8.125448e-018	5.886367e+000	4.782937e-017	
8.508388e-018	5.886367e+000	5.008349e-017	
8.909376e-018	5.886367e+000	5.244386e-017	
9.329262e-018	5.886367e+000	5.491546e-017	
9.768937e-018	5.886367e+000	5.750355e-017	
1.022933e-017	5.886367e+000	6.021361e-017	
1.071143e-017	5.886367e+000	6.305139e-017	
1.121624e-017	5.886367e+000	6.602291e-017	
1.174485e-017	5.886367e+000	6.913447e-017	
1.229836e-017	5.886367e+000	7.239268e-017	
1.287797e-017	5.886367e+000	7.580444e-017	
1.348489e-017	5.886367e+000	7.937699e-017	
1.412041e-017	5.886367e+000	8.311791e-017	
1.478588e-017	5.886367e+000	8.703514e-017	
1.548272e-017	5.886367e+000	9.113698e-017	
1.621240e-017	5.886367e+000	9.543213e-017	
1.697647e-017	5.886367e+000	9.992972e-017	
1.777654e-017	5.886367e+000	1.046393e-016	
1.861433e-017	5.886367e+000	1.095708e-016	
1.949159e-017	5.886367e+000	1.147347e-016	
2.041020e-017	5.886367e+000	1.201419e-016	
2.137211e-017	5.886367e+000	1.258041e-016	
2.237934e-017	5.886367e+000	1.317330e-016	
2.343405e-017	5.886367e+000	1.379414e-016	
2.453846e-017	5.886367e+000	1.444424e-016	
2.569492e-017	5.886367e+000	1.512497e-016	
2.690589e-017	5.886367e+000	1.583779e-016	
2.817392e-017	5.886367e+000	1.658420e-016	
2.950172e-017	5.886367e+000	1.736579e-016	
3.089209e-017	5.886367e+000	1.818422e-016	
3.234799e-017	5.886367e+000	1.904121e-016	
3.387250e-017	5.886367e+000	1.993860e-016	
3.546887e-017	5.886367e+000	2.087828e-016	
3.714046e-017	5.886367e+000	2.186224e-016	
3.889084e-017	5.886367e+000	2.289257e-016	
4.072371e-017	5.886367e+000	2.397147e-016	
4.264296e-017	5.886367e+000	2.510121e-016	
4.465266e-017	5.886367e+000	2.628419e-016	
4.675707e-017	5.886367e+000	2.752293e-016	
4.896066e-017	5.886367e+000	2.882004e-016	
5.126811e-017	5.886367e+000	3.017829e-016	
5.368430e-017	5.886367e+000	3.160055e-016	
5.621437e-017	5.886367e+000	3.308984e-016	
5.886367e-017	5.886367e+000	3.464931e-016	
6.163783e-017	5.886367e+000	3.628229e-016	
6.454273e-017	5.886367e+000	3.799222e-016	
6.758453e-017	5.886367e+000	3.978274e-016	
7.076970e-017	5.886367e+000	4.165764e-016	
7.410497e-017	5.886367e+000	4.362090e-016	
7.759742e-017	5.886367e+000	4.567669e-016	
8.125448e-017	5.886367e+000	4.782937e-016	
8.508388e-017	5.886367e+000	5.008350e-016	
8.909376e-017	5.886367e+000	5.244386e-016	
9.329263e-017	5.886367e+000	5.491546e-016	
9.768937e-017	5.886367e+000	5.750355e-016	
1.022933e-016	5.886367e+000	6.021361e-016	
1.071143e-016	5.886367e+000	6.305139e-016	
1.121624e-016	5.886367e+000	6.602291e-016	
1.174485e-016	5.886367e+000	6.913447e-016	
1.229836e-016	5.886367e+000	7.239267e-016	
1.287797e-016	5.886367e+000	7.580444e-016	
1.348489e-016	5.886367e+000	7.937700e-016	
1.412041e-016	5.886367e+000	8.311791e-016	
1.478588e-016	5.886367e+000	8.703514e-016	
1.548272e-016	5.886367e+000	9.113698e-016	
1.621240e-016	5.886367e+000	9.543213e-016	
1.697647e-016	5.886367e+000	9.992971e-016	
1.777654e-016	5.886367e+000	1.046393e-015	
1.861433e-016	5.886367e+000	1.095708e-015	
1.949159e-016	5.886367e+000	1.147347e-015	
2.041020e-016	5.886367e+000	1.201419e-015	
2.137211e-016	5.886367e+000	1.258041e-015	
2.237934e-016	5.886367e+000	1.317330e-015	
2.343405e-016	5.886367e+000	1.379414e-015	
2.453846e-016	5.886367e+000	1.444424e-015	
2.569492e-016	5.886367e+000	1.512497e-015	
2.690589e-016	5.886367e+000	1.583779e-015	
2.817392e-016	5.886367e+000	1.658420e-015	
2.950172e-016	5.886367e+000	1.736579e-015	
3.089209e-016	5.886367e+000	1.818422e-015	
3.234799e-016	5.886367e+000	1.904121e-015	
3.387250e-016	5.886367e+000	1.993860e-015	
3.546887e-016	5.886367e+000	2.087828e-015	
3.714046e-016	5.886367e+000	2.186224e-015	
3.889084e-016	5.886367e+000	2.289257e-015	
4.072371e-016	5.886367e+000	2.397147e-015	
4.264296e-016	5.886367e+000	2.510121e-015	
4.465266e-016	5.886367e+000	2.628419e-015	
4.675707e-016	5.886367e+000	2.752293e-015	
4.896066e-016	5.886367e+000	2.882004e-015	
5.126811e-016	5.886367e+000	3.017829e-015	
5.368430e-016	5.886367e+000	3.160055e-015	
5.621436e-016	5.886367e+000	3.308984e-015	
5.886367e-016	5.886367e+000	3.464931e-015	
6.163783e-016	5.886367e+000	3.628229e-015	
6.454272e-016	5.886367e+000	3.799222e-015	
6.758453e-016	5.886367e+000	3.978273e-015	
7.076969e-016	5.886367e+000	4.165764e-015	
7.410496e-016	5.886367e+000	4.362090e-015	
7.759742e-016	5.886367e+000	4.567669e-015	
8.125448e-016	5.886367e+000	4.782937e-015	
8.508388e-016	5.886367e+000	5.008349e-015	
8.909376e-016	5.886367e+000	5.244386e-015	
9.329262e-016	5.886367e+000	5.491546e-015	
9.768937e-016	5.886367e+000	5.750355e-015	
1.022933e-015	5.886367e+000	6.021361e-015	
1.071143e-015	5.886367e+000	6.305138e-015	
1.121624e-015	5.886367e+000	6.602291e-015	
1.174485e-015	5.886367e+000	6.913447e-015	
1.229836e-015	5.886367e+000	7.239268e-015	
1.287797e-015	5.886367e+000	7.580444e-015	
1.348489e-015	5.886367e+000	7.937699e-015	
1.412041e-015	5.886367e+000	8.311791e-015	
1.478588e-015	5.886367e+000	8.703514e-015	
1.548272e-015	5.886367e+000	9.113698e-015	
1.621240e-015	5.886367e+000	9.543213e-015	
1.697647e-015	5.886367e+000	9.992971e-015	
1.777654e-015	5.886367e+000	1.046393e-014	
1.861433e-015	5.886367e+000	1.095708e-014	
1.949159e-015	5.886367e+000	1.147347e-014	
2.041020e-015	5.886367e+000	1.201419e-014	
2.137210e-015	5.886367e+000	1.258040e-014	
2.237934e-015	5.886367e+000	1.317330e-014	
2.343405e-015	5.886367e+000	1.379414e-014	
2.453846e-015	5.886367e+000	1.444424e-014	
2.569492e-015	5.886367e+000	1.512497e-014	
2.690589e-015	5.886367e+000	1.583779e-014	
2.817392e-015	5.886367e+000	1.658420e-014	
2.950172e-015	5.886367e+000	1.736579e-014	
3.089209e-015	5.886367e+000	1.818422e-014	
3.234799e-015	5.886367e+000	1.904121e-014	
3.387250e-015	5.886367e+000	1.993860e-014	
3.546887e-015	5.886367e+000	2.087828e-014	
3.714046e-015	5.886367e+000	2.186224e-014	
3.889084e-015	5.886367e+000	2.289258e-014	
4.072371e-015	5.886367e+000	2.397147e-014	
4.264295e-015	5.886367e+000	2.510121e-014	
4.465266e-015	5.886367e+000	2.628419e-014	
4.675707e-015	5.886367e+000	2.752293e-014	
4.896066e-015	5.886367e+000	2.882004e-014	
5.126811e-015	5.886367e+000	3.017829e-014	
5.368430e-015	5.886367e+000	3.160055e-014	
5.621437e-015	5.886367e+000	3.308984e-014	
5.886367e-015	5.886367e+000	3.464931e-014	
6.163783e-015	5.886367e+000	3.628229e-014	
6.454273e-015	5.886367e+000	3.799222e-014	
6.758453e-015	5.886367e+000	3.978273e-014	
7.076969e-015	5.886367e+000	4.165764e-014	
7.410496e-015	5.886367e+000	4.362090e-014	
7.759743e-015	5.886367e+000	4.567669e-014	
8.125448e-015	5.886367e+000	4.782937e-014	
8.508388e-015	5.886367e+000	5.008350e-014	
8.909376e-015	5.886367e+000	5.244386e-014	
9.329262e-015	5.886367e+000	5.491546e-014	
9.768937e-015	5.886367e+000	5.750355e-014	
1.022933e-014	5.886367e+000	6.021361e-014	
1.071143e-014	5.886367e+000	6.305138e-014	
1.121624e-014	5.886367e+000	6.602290e-014	
1.174485e-014	5.886367e+000	6.913447e-014	
1.229836e-014	5.886367e+000	7.239267e-014	
1.287797e-014	5.886367e+000	7.580444e-014	
1.348489e-014	5.886367e+000	7.937699e-014	
1.412041e-014	5.886367e+000	8.311791e-014	
1.478589e-014	5.886367e+000	8.703514e-014	
1.548272e-014	5.886367e+000	9.113698e-014	
1.621240e-014	5.886367e+000	9.543214e-014	
1.697647e-014	5.886367e+000	9.992971e-014	
1.777654e-014	5.886367e+000	1.046393e-013	
1.861433e-014	5.886367e+000	1.095708e-013	
1.949159e-014	5.886367e+000	1.147347e-013	
2.041020e-014	5.886367e+000	1.201419e-013	
2.137210e-014	5.886367e+000	1.258040e-013	
2.237934e-014	5.886367e+000	1.317330e-013	
2.343405e-014	5.886367e+000	1.379414e-013	
2.453846e-014	5.886367e+000	1.444424e-013	
2.569492e-014	5.886367e+000	1.512497e-013	
2.690589e-014	5.886367e+000	1.583779e-013	
2.817392e-014	5.886367e+000	1.658420e-013	
2.950172e-014	5.886367e+000	1.736579e-013	
3.089209e-014	5.886367e+000	1.818422e-013	
3.234799e-014	5.886367e+000	1.904121e-013	
3.387251e-014	5.886367e+000	1.993860e-013	
3.546887e-014	5.886367e+000	2.087828e-013	
3.714046e-014	5.886367e+000	2.186224e-013	
3.889084e-014	5.886367e+000	2.289258e-013	
4.072371e-014	5.886367e+000	2.397147e-013	
4.264296e-014	5.886367e+000	2.510121e-013	
4.465266e-014	5.886367e+000	2.628419e-013	
4.675707e-014	5.886367e+000	2.752293e-013	
4.896067e-014	5.886367e+000	2.882004e-013	
5.126811e-014	5.886367e+000	3.017829e-013	
5.368430e-014	5.886367e+000	3.160055e-013	
5.621436e-014	5.886367e+000	3.308984e-013	
5.886367e-014	5.886367e+000	3.464931e-013	
6.163783e-014	5.886367e+000	3.628229e-013	
6.454272e-014	5.886367e+000	3.799222e-013	
6.758454e-014	5.886367e+000	3.978274e-013	
7.076969e-014	5.886367e+000	4.165764e-013	
7.410497e-014	5.886367e+000	4.362090e-013	
7.759743e-014	5.886367e+000	4.567669e-013	
8.125448e-014	5.886367e+000	4.782937e-013	
8.508388e-014	5.886367e+000	5.008350e-013	
8.909376e-014	5.886367e+000	5.244386e-013	
9.329262e-014	5.886367e+000	5.491546e-013	
9.768937e-014	5.886367e+000	5.750355e-013	
1.022933e-013	5.886367e+000	6.021361e-013	
1.071143e-013	5.886367e+000	6.305138e-013	
1.121624e-013	5.886367e+000	6.602290e-013	
1.174485e-013	5.886367e+000	6.913447e-013	
1.229836e-013	5.886367e+000	7.239267e-013	
1.287797e-013	5.886367e+000	7.580444e-013	
1.348489e-013	5.886367e+000	7.937699e-013	
1.412041e-013	5.886367e+000	8.311792e-013	
1.478588e-013	5.886367e+000	8.703514e-013	
1.548272e-013	5.886367e+000	9.113698e-013	
1.621240e-013	5.886367e+000	9.543214e-013	
1.697647e-013	5.886367e+000	9.992972e-013	
1.777654e-013	5.886367e+000	1.046393e-012	
1.861433e-013	5.886367e+000	1.095707e-012	
1.949159e-013	5.886367e+000	1.147347e-012	
2.041020e-013	5.886367e+000	1.201419e-012	
2.137210e-013	5.886367e+000	1.258040e-012	
2.237934e-013	5.886367e+000	1.317330e-012	
2.343405e-013	5.886367e+000	1.379414e-012	
2.453846e-013	5.886367e+000	1.444424e-012	
2.569492e-013	5.886367e+000	1.512497e-012	
2.690589e-013	5.886367e+000	1.583779e-012	
2.817392e-013	5.886367e+000	1.658420e-012	
2.950172e-013	5.886367e+000	1.736579e-012	
3.089209e-013	5.886367e+000	1.818422e-012	
3.234799e-013	5.886367e+000	1.904121e-012	
3.387250e-013	5.886367e+000	1.993860e-012	
3.546887e-013	5.886367e+000	2.087828e-012	
3.714046e-013	5.886367e+000	2.186224e-012	
3.889084e-013	5.886367e+000	2.289257e-012	
4.072371e-013	5.886367e+000	2.397147e-012	
4.264296e-013	5.886367e+000	2.510121e-012	
4.465266e-013	5.886367e+000	2.628419e-012	
4.675707e-013	5.886367e+000	2.752293e-012	
4.896067e-013	5.886367e+000	2.882004e-012	
5.126811e-013	5.886367e+000	3.017829e-012	
5.368430e-013	5.886367e+000	3.160055e-012	
5.621436e-013	5.886367e+000	3.308984e-012	
5.886367e-013	5.886367e+000	3.464931e-012	
6.163783e-013	5.886367e+000	3.628229e-012	
6.454273e-013	5.886367e+000	3.799222e-012	
6.758453e-013	5.886367e+000	3.978274e-012	
7.076969e-013	5.886367e+000	4.165764e-012	
7.410496e-013	5.886367e+000	4.362090e-012	
7.759742e-013	5.886367e+000	4.567669e-012	
8.125448e-013	5.886367e+000	4.782937e-012	
8.508388e-013	5.886367e+000	5.008349e-012	
8.909377e-013	5.886367e+000	5.244386e-012	
9.329263e-013	5.886367e+000	5.491546e-012	
9.768937e-013	5.886367e+000	5.750355e-012	
1.022933e-012	5.886367e+000	6.021360e-012	
1.071143e-012	5.886367e+000	6.305138e-012	
1.121624e-012	5.886367e+000	6.602291e-012	
1.174485e-012	5.886367e+000	6.913447e-012	
1.229836e-012	5.886367e+000	7.239268e-012	
1.287797e-012	5.886367e+000	7.580444e-012	
1.348489e-012	5.886367e+000	7.937699e-012	
1.412041e-012	5.886367e+000	8.311792e-012	
1.478588e-012	5.886367e+000	8.703514e-012	
1.548272e-012	5.886367e+000	9.113698e-012	
1.621240e-012	5.886367e+000	9.543214e-012	
1.697647e-012	5.886367e+000	9.992971e-012	
1.777654e-012	5.886367e+000	1.046393e-011	
1.861433e-012	5.886367e+000	1.095708e-011	
1.949159e-012	5.886367e+000	1.147347e-011	
2.041020e-012	5.886367e+000	1.201419e-011	
2.137211e-012	5.886367e+000	1.258041e-011	
2.237934e-012	5.886367e+000	1.317330e-011	
2.343405e-012	5.886367e+000	1.379414e-011	
2.453846e-012	5.886367e+000	1.444424e-011	
2.569492e-012	5.886367e+000	1.512497e-011	
2.690589e-012	5.886367e+000	1.583779e-011	
2.817392e-012	5.886367e+000	1.658420e-011	
2.950172e-012	5.886367e+000	1.736579e-011	
3.089209e-012	5.886367e+000	1.818422e-011	
3.234799e-012	5.886367e+000	1.904121e-011	
3.387251e-012	5.886367e+000	1.993860e-011	
3.546887e-012	5.886367e+000	2.087828e-011	
3.714046e-012	5.886367e+000	2.186224e-011	
3.889084e-012	5.886367e+000	2.289257e-011	
4.072371e-012	5.886367e+000	2.397147e-011	
4.264296e-012	5.886367e+000	2.510121e-011	
4.465266e-012	5.886367e+000	2.628419e-011	
4.675707e-012	5.886367e+000	2.752293e-011	
4.896067e-012	5.886367e+000	2.882004e-011	
5.126811e-012	5.886367e+000	3.017829e-011	
5.368430e-012	5.886367e+000	3.160055e-011	
5.621436e-012	5.886367e+000	3.308984e-011	
5.886366e-012	5.886367e+000	3.464931e-011	
6.163783e-012	5.886367e+000	3.628229e-011	
6.454273e-012	5.886367e+000	3.799222e-011	
6.758453e-012	5.886367e+000	3.978273e-011	
7.076969e-012	5.886367e+000	4.165764e-011	
7.410497e-012	5.886367e+000	4.362090e-011	
7.759743e-012	5.886367e+000	4.567669e-011	
8.125448e-012	5.886367e+000	4.782937e-011	
8.508388e-012	5.886367e+000	5.008350e-011	
8.909377e-012	5.886367e+000	5.244386e-011	
9.329262e-012	5.886367e+000	5.491546e-011	
9.768937e-012	5.886367e+000	5.750355e-011	
1.022933e-011	5.886367e+000	6.021361e-011	
1.071143e-011	5.886367e+000	6.305139e-011	
1.121624e-011	5.886367e+000	6.602291e-011	
1.174485e-011	5.886367e+000	6.913447e-011	
1.229836e-011	5.886367e+000	7.239268e-011	
1.287797e-011	5.886367e+000	7.580444e-011	
1.348489e-011	5.886367e+000	7.937699e-011	
1.412041e-011	5.886367e+000	8.311791e-011	
1.478588e-011	5.886367e+000	8.703514e-011	
1.548272e-011	5.886367e+000	9.113698e-011	
1.621240e-011	5.886367e+000	9.543213e-011	
1.697647e-011	5.886367e+000	9.992971e-011	
1.777654e-011	5.886367e+000	1.046392e-010	
1.861433e-011	5.886367e+000	1.095707e-010	
1.949159e-011	5.886367e+000	1.147347e-010	
2.041020e-011	5.886367e+000	1.201419e-010	
2.137211e-011	5.886367e+000	1.258041e-010	
2.237934e-011	5.886367e+000	1.317330e-010	
2.343405e-011	5.886367e+000	1.379414e-010	
2.453846e-011	5.886367e+000	1.444424e-010	
2.569492e-011	5.886367e+000	1.512497e-010	
2.690589e-011	5.886367e+000	1.583779e-010	
2.817392e-011	5.886367e+000	1.658420e-010	
2.950172e-011	5.886367e+000	1.736579e-010	
3.089209e-011	5.886367e+000	1.818422e-010	
3.234799e-011	5.886367e+000	1.904121e-010	
3.387251e-011	5.886367e+000	1.993860e-010	
3.546887e-011	5.886367e+000	2.087828e-010	
3.714046e-011	5.886367e+000	2.186224e-010	
3.889084e-011	5.886367e+000	2.289257e-010	
4.072371e-011	5.886367e+000	2.397147e-010	
4.264296e-011	5.886367e+000	2.510121e-010	
4.465266e-011	5.886367e+000	2.628419e-010	
4.675707e-011	5.886367e+000	2.752293e-010	
4.896067e-011	5.886367e+000	2.882004e-010	
5.126811e-011	5.886367e+000	3.017829e-010	
5.368430e-011	5.886367e+000	3.160055e-010	
5.621437e-011	5.886367e+000	3.308984e-010	
5.886366e-011	5.886367e+000	3.464931e-010	
6.163783e-011	5.886367e+000	3.628229e-010	
6.454273e-011	5.886367e+000	3.799222e-010	
6.758454e-011	5.886367e+000	3.978274e-010	
7.076970e-011	5.886367e+000	4.165764e-010	
7.410497e-011	5.886367e+000	4.362090e-010	
7.759743e-011	5.886367e+000	4.567669e-010	
8.125448e-011	5.886367e+000	4.782937e-010	
8.508388e-011	5.886367e+000	5.008350e-010	
8.909377e-011	5.886367e+000	5.244386e-010	
9.329262e-011	5.886367e+000	5.491546e-010	
9.768937e-011	5.886367e+000	5.750355e-010	
1.022933e-010	5.886367e+000	6.021360e-010	
1.071143e-010	5.886367e+000	6.305138e-010	
1.121624e-010	5.886367e+000	6.602291e-010	
1.174485e-010	5.886367e+000	6.913447e-010	
1.229836e-010	5.886367e+000	7.239268e-010	
1.287797e-010	5.886367e+000	7.580444e-010	
1.348489e-010	5.886367e+000	7.937699e-010	
1.412041e-010	5.886367e+000	8.311792e-010	
1.478589e-010	5.886367e+000	8.703514e-010	
1.548272e-010	5.886367e+000	9.113698e-010	
1.621240e-010	5.886367e+000	9.543213e-010	
1.697647e-010	5.886367e+000	9.992972e-010	
1.777654e-010	5.886367e+000	1.046393e-009	
1.861433e-010	5.886367e+000	1.095707e-009	
1.949159e-010	5.886367e+000	1.147347e-009	
2.041020e-010	5.886367e+000	1.201419e-009	
2.137211e-010	5.886367e+000	1.258041e-009	
2.237934e-010	5.886367e+000	1.317330e-009	
2.343405e-010	5.886367e+000	1.379414e-009	
2.453846e-010	5.886367e+000	1.444424e-009	
2.569492e-010	5.886367e+000	1.512497e-009	
2.690589e-010	5.886367e+000	1.583779e-009	
2.817392e-010	5.886367e+000	1.658420e-009	
2.950172e-010	5.886367e+000	1.736579e-009	
3.089209e-010	5.886367e+000	1.818422e-009	
3.234799e-010	5.886367e+000	1.904121e-009	
3.387250e-010	5.886367e+000	1.993860e-009	
3.546887e-010	5.886367e+000	2.087828e-009	
3.714046e-010	5.886367e+000	2.186224e-009	
3.889084e-010	5.886367e+000	2.289257e-009	
4.072371e-010	5.886367e+000	2.397147e-009	
4.264296e-010	5.886367e+000	2.510121e-009	
4.465266e-010	5.886367e+000	2.628419e-009	
4.675707e-010	5.886367e+000	2.752293e-009	
4.896066e-010	5.886367e+000	2.882004e-009	
5.126811e-010	5.886367e+000	3.017829e-009	
5.368430e-010	5.886367e+000	3.160055e-009	
5.621437e-010	5.886367e+000	3.308984e-009	
5.886366e-010	5.886367e+000	3.464931e-009	
6.163783e-010	5.886367e+000	3.628229e-009	
6.454273e-010	5.886367e+000	3.799222e-009	
6.758453e-010	5.886367e+000	3.978274e-009	
7.076969e-010	5.886367e+000	4.165764e-009	
7.410497e-010	5.886367e+000	4.362090e-009	
7.759742e-010	5.886367e+000	4.567669e-009	
8.125448e-010	5.886367e+000	4.782937e-009	
8.508388e-010	5.886367e+000	5.008350e-009	
8.909377e-010	5.886367e+000	5.244386e-009	
9.329263e-010	5.886367e+000	5.491546e-009	
9.768937e-010	5.886367e+000	5.750355e-009	
1.022933e-009	5.886367e+000	6.021361e-009	
1.071143e-009	5.886367e+000	6.305138e-009	
1.121624e-009	5.886367e+000	6.602290e-009	
1.174485e-009	5.886367e+000	6.913447e-009	
1.229836e-009	5.886367e+000	7.239268e-009	
1.287797e-009	5.886367e+000	7.580444e-009	
1.348489e-009	5.886367e+000	7.937699e-009	
1.412041e-009	5.886367e+000	8.311792e-009	
1.478588e-009	5.886367e+000	8.703514e-009	
1.548272e-009	5.886367e+000	9.113698e-009	
1.621240e-009	5.886367e+000	9.543214e-009	
1.697647e-009	5.886367e+000	9.992971e-009	
1.777654e-009	5.886367e+000	1.046393e-008	
1.861433e-009	5.886367e+000	1.095707e-008	
1.949159e-009	5.886367e+000	1.147347e-008	
2.041020e-009	5.886367e+000	1.201419e-008	
2.137211e-009	5.886367e+000	1.258041e-008	
2.237934e-009	5.886367e+000	1.317330e-008	
2.343405e-009	5.886367e+000	1.379414e-008	
2.453846e-009	5.886367e+000	1.444424e-008	
2.569492e-009	5.886367e+000	1.512497e-008	
2.690589e-009	5.886367e+000	1.583779e-008	
2.817392e-009	5.886367e+000	1.658420e-008	
2.950172e-009	5.886367e+000	1.736579e-008	
3.089209e-009	5.886367e+000	1.818422e-008	
3.234799e-009	5.886367e+000	1.904121e-008	
3.387250e-009	5.886367e+000	1.993860e-008	
3.546887e-009	5.886367e+000	2.087828e-008	
3.714046e-009	5.886367e+000	2.186224e-008	
3.889084e-009	5.886367e+000	2.289257e-008	
4.072371e-009	5.886367e+000	2.397147e-008	
4.264296e-009	5.886367e+000	2.510121e-008	
4.465266e-009	5.886367e+000	2.628419e-008	
4.675707e-009	5.886367e+000	2.752293e-008	
4.896067e-009	5.886367e+000	2.882004e-008	
5.126811e-009	5.886367e+000	3.017829e-008	
5.368430e-009	5.886367e+000	3.160055e-008	
5.621437e-009	5.886367e+000	3.308984e-008	
5.886367e-009	5.886367e+000	3.464931e-008	
6.163782e-009	5.886367e+000	3.628228e-008	
6.454273e-009	5.886367e+000	3.799222e-008	
6.758453e-009	5.886367e+000	3.978274e-008	
7.076969e-009	5.886367e+000	4.165764e-008	
7.410497e-009	5.886367e+000	4.362090e-008	
7.759742e-009	5.886367e+000	4.567669e-008	
8.125448e-009	5.886367e+000	4.782937e-008	
8.508389e-009	5.886367e+000	5.008350e-008	
8.909376e-009	5.886367e+000	5.244386e-008	
9.329263e-009	5.886367e+000	5.491546e-008	
9.768937e-009	5.886367e+000	5.750355e-008	
1.022933e-008	5.886367e+000	6.021361e-008	
1.071143e-008	5.886367e+000	6.305139e-008	
1.121624e-008	5.886367e+000	6.602291e-008	
1.174485e-008	5.886367e+000	6.913447e-008	
1.229836e-008	5.886367e+000	7.239268e-008	
1.287797e-008	5.886367e+000	7.580444e-008	
1.348489e-008	5.886367e+000	7.937699e-008	
1.412041e-008	5.886367e+000	8.311791e-008	
1.478588e-008	5.886367e+000	8.703514e-008	
1.548272e-008	5.886367e+000	9.113699e-008	
1.621240e-008	5.886367e+000	9.543214e-008	
1.697647e-008	5.886367e+000	9.992971e-008	
1.777654e-008	5.886367e+000	1.046393e-007	
1.861433e-008	5.886367e+000	1.095708e-007	
1.949159e-008	5.886367e+000	1.147347e-007	
2.041020e-008	5.886367e+000	1.201419e-007	
2.137211e-008	5.886367e+000	1.258041e-007	
2.237934e-008	5.886367e+000	1.317330e-007	
2.343405e-008	5.886367e+000	1.379414e-007	
2.453846e-008	5.886367e+000	1.444424e-007	
2.569492e-008	5.886367e+000	1.512497e-007	
2.690589e-008	5.886367e+000	1.583779e-007	
2.817392e-008	5.886367e+000	1.658420e-007	
2.950172e-008	5.886367e+000	1.736579e-007	
3.089209e-008	5.886367e+000	1.818422e-007	
3.234799e-008	5.886367e+000	1.904121e-007	
3.387250e-008	5.886367e+000	1.993860e-007	
3.546887e-008	5.886367e+000	2.087828e-007	
3.714046e-008	5.886367e+000	2.186224e-007	
3.889084e-008	5.886367e+000	2.289257e-007	
4.072371e-008	5.886367e+000	2.397147e-007	
4.264296e-008	5.886367e+000	2.510121e-007	
4.465266e-008	5.886367e+000	2.628419e-007	
4.675707e-008	5.886367e+000	2.752293e-007	
4.896066e-008	5.886367e+000	2.882004e-007	
5.126811e-008	5.886367e+000	3.017829e-007	
5.368430e-008	5.886367e+000	3.160055e-007	
5.621436e-008	5.886367e+000	3.308984e-007	
5.886367e-008	5.886367e+000	3.464931e-007	
6.163783e-008	5.886367e+000	3.628229e-007	
6.454272e-008	5.886367e+000	3.799222e-007	
6.758453e-008	5.886367e+000	3.978273e-007	
7.076969e-008	5.886367e+000	4.165764e-007	
7.410497e-008	5.886367e+000	4.362090e-007	
7.759743e-008	5.886367e+000	4.567669e-007	
8.125448e-008	5.886367e+000	4.782937e-007	
8.508388e-008	5.886367e+000	5.008349e-007	
8.909377e-008	5.886367e+000	5.244386e-007	
9.329263e-008	5.886367e+000	5.491546e-007	
9.768937e-008	5.886367e+000	5.750355e-007	
1.022933e-007	5.886367e+000	6.021361e-007	
1.071143e-007	5.886367e+000	6.305139e-007	
1.121624e-007	5.886367e+000	6.602291e-007	
1.174485e-007	5.886367e+000	6.913447e-007	
1.229836e-007	5.886367e+000	7.239268e-007	
1.287797e-007	5.886367e+000	7.580444e-007	
1.348489e-007	5.886367e+000	7.937699e-007	
1.412041e-007	5.886367e+000	8.311791e-007	
1.478588e-007	5.886367e+000	8.703514e-007	
1.548272e-007	5.886367e+000	9.113698e-007	
1.621240e-007	5.886367e+000	9.543213e-007	
1.697647e-007	5.886367e+000	9.992972e-007	
1.777654e-007	5.886367e+000	1.046393e-006	
1.861433e-007	5.886367e+000	1.095707e-006	
1.949159e-007	5.886367e+000	1.147347e-006	
2.041020e-007	5.886367e+000	1.201419e-006	
2.137211e-007	5.886367e+000	1.258041e-006	
2.237934e-007	5.886367e+000	1.317330e-006	
2.343405e-007	5.886367e+000	1.379414e-006	
2.453846e-007	5.886367e+000	1.444424e-006	
2.569492e-007	5.886367e+000	1.512497e-006	
2.690589e-007	5.886367e+000	1.583779e-006	
2.817392e-007	5.886367e+000	1.658420e-006	
2.950172e-007	5.886367e+000	1.736579e-006	
3.089209e-007	5.886367e+000	1.818422e-006	
3.234799e-007	5.886367e+000	1.904121e-006	
3.387250e-007	5.886367e+000	1.993860e-006	
3.546887e-007	5.886367e+000	2.087828e-006	
3.714046e-007	5.886367e+000	2.186224e-006	
3.889084e-007	5.886367e+000	2.289257e-006	
4.072371e-007	5.886367e+000	2.397147e-006	
4.264296e-007	5.886367e+000	2.510121e-006	
4.465266e-007	5.886367e+000	2.628419e-006	
4.675707e-007	5.886367e+000	2.752293e-006	
4.896066e-007	5.886367e+000	2.882004e-006	
5.126811e-007	5.886367e+000	3.017829e-006	
5.368430e-007	5.886367e+000	3.160055e-006	
5.621437e-007	5.886367e+000	3.308984e-006	
5.886367e-007	5.886367e+000	3.464931e-006	
6.163783e-007	5.886367e+000	3.628229e-006	
6.454273e-007	5.886367e+000	3.799222e-006	
6.758453e-007	5.886367e+000	3.978274e-006	
7.076969e-007	5.886367e+000	4.165764e-006	
7.410496e-007	5.886367e+000	4.362090e-006	
7.759742e-007	5.886367e+000	4.567669e-006	
8.125448e-007	5.886367e+000	4.782937e-006	
8.508388e-007	5.886367e+000	5.008349e-006	
8.909377e-007	5.886367e+000	5.244386e-006	
9.329262e-007	5.886367e+000	5.491546e-006	
9.768937e-007	5.886367e+000	5.750355e-006	
1.022933e-006	5.886367e+000	6.021360e-006	
1.071143e-006	5.886367e+000	6.305138e-006	
1.121624e-006	5.886367e+000	6.602290e-006	
1.174485e-006	5.886367e+000	6.913447e-006	
1.229836e-006	5.886367e+000	7.239268e-006	
1.287797e-006	5.886367e+000	7.580444e-006	
1.348489e-006	5.886367e+000	7.937699e-006	
1.412041e-006	5.886367e+000	8.311791e-006	
1.478589e-006	5.886367e+000	8.703514e-006	
1.548272e-006	5.886367e+000	9.113698e-006	
1.621240e-006	5.886367e+000	9.543213e-006	
1.697647e-006	5.886367e+000	9.992971e-006	
1.777654e-006	5.886367e+000	1.046393e-005	
1.861433e-006	5.886367e+000	1.095707e-005	
1.949159e-006	5.886367e+000	1.147347e-005	
2.041020e-006	5.886367e+000	1.201419e-005	
2.137210e-006	5.886367e+000	1.258040e-005	
2.237934e-006	5.886367e+000	1.317330e-005	
2.343405e-006	5.886367e+000	1.379414e-005	
2.453846e-006	5.886367e+000	1.444424e-005	
2.569492e-006	5.886367e+000	1.512497e-005	
2.690589e-006	5.886367e+000	1.583779e-005	
2.817392e-006	5.886367e+000	1.658420e-005	
2.950172e-006	5.886367e+000	1.736579e-005	
3.089209e-006	5.886367e+000	1.818422e-005	
3.234799e-006	5.886367e+000	1.904121e-005	
3.387250e-006	5.886367e+000	1.993860e-005	
3.546887e-006	5.886367e+000	2.087828e-005	
3.714046e-006	5.886367e+000	2.186224e-005	
3.889084e-006	5.886367e+000	2.289257e-005	
4.072371e-006	5.886367e+000	2.397147e-005	
4.264296e-006	5.886367e+000	2.510121e-005	
4.465266e-006	5.886367e+000	2.628419e-005	
4.675707e-006	5.886367e+000	2.752293e-005	
4.896066e-006	5.886367e+000	2.882004e-005	
5.126811e-006	5.886367e+000	3.017829e-005	
5.368430e-006	5.886367e+000	3.160055e-005	
5.621437e-006	5.886367e+000	3.308984e-005	
5.886367e-006	5.886367e+000	3.464931e-005	
6.163782e-006	5.886367e+000	3.628228e-005	
6.454273e-006	5.886367e+000	3.799222e-005	
6.758453e-006	5.886367e+000	3.978274e-005	
7.076969e-006	5.886367e+000	4.165764e-005	
7.410496e-006	5.886367e+000	4.362090e-005	
7.759742e-006	5.886367e+000	4.567669e-005	
8.125447e-006	5.886367e+000	4.782936e-005	
8.508388e-006	5.886367e+000	5.008350e-005	
8.909376e-006	5.886367e+000	5.244386e-005	
9.329263e-006	5.886367e+000	5.491546e-005	
9.768937e-006	5.886367e+000	5.750355e-005	
1.022933e-005	5.886367e+000	6.021360e-005	
1.071143e-005	5.886367e+000	6.305139e-005	
1.121624e-005	5.886367e+000	6.602291e-005	
1.174485e-005	5.886367e+000	6.913447e-005	
1.229836e-005	5.886367e+000	7.239268e-005	
1.287797e-005	5.886367e+000	7.580444e-005	
1.348489e-005	5.886367e+000	7.937699e-005	
1.412041e-005	5.886367e+000	8.311791e-005	
1.478588e-005	5.886367e+000	8.703514e-005	
1.548272e-005	5.886367e+000	9.113698e-005	
1.621240e-005	5.886367e+000	9.543213e-005	
1.697647e-005	5.886367e+000	9.992971e-005	
1.777654e-005	5.886367e+000	1.046393e-004	
1.861433e-005	5.886367e+000	1.095708e-004	
1.949159e-005	5.886367e+000	1.147347e-004	
2.041020e-005	5.886367e+000	1.201419e-004	
2.137211e-005	5.886367e+000	1.258041e-004	
2.237934e-005	5.886367e+000	1.317330e-004	
2.343405e-005	5.886367e+000	1.379414e-004	
2.453846e-005	5.886367e+000	1.444424e-004	
2.569492e-005	5.886367e+000	1.512497e-004	
2.690589e-005	5.886367e+000	1.583779e-004	
2.817392e-005	5.886367e+000	1.658420e-004	
2.950172e-005	5.886367e+000	1.736579e-004	
3.089209e-005	5.886367e+000	1.818422e-004	
3.234799e-005	5.886367e+000	1.904121e-004	
3.387250e-005	5.886367e+000	1.993860e-004	
3.546887e-005	5.886367e+000	2.087828e-004	
3.714046e-005	5.886367e+000	2.186224e-004	
3.889084e-005	5.886367e+000	2.289257e-004	
4.072371e-005	5.886367e+000	2.397147e-004	
4.264296e-005	5.886367e+000	2.510121e-004	
4.465266e-005	5.886367e+000	2.628419e-004	
4.675707e-005	5.886367e+000	2.752293e-004	
4.896066e-005	5.886367e+000	2.882004e-004	
5.126811e-005	5.886367e+000	3.017829e-004	
5.368430e-005	5.886367e+000	3.160055e-004	
5.621437e-005	5.886367e+000	3.308984e-004	
5.886366e-005	5.886367e+000	3.464931e-004	
6.163782e-005	5.886367e+000	3.628228e-004	
6.454273e-005	5.886367e+000	3.799222e-004	
6.758453e-005	5.886367e+000	3.978273e-004	
7.076970e-005	5.886367e+000	4.165764e-004	
7.410497e-005	5.886367e+000	4.362090e-004	
7.759743e-005	5.886367e+000	4.567669e-004	
8.125448e-005	5.886367e+000	4.782937e-004	
8.508388e-005	5.886367e+000	5.008350e-004	
8.909377e-005	5.886367e+000	5.244386e-004	
9.329263e-005	5.886367e+000	5.491546e-004	
9.768937e-005	5.886367e+000	5.750355e-004	
1.022933e-004	5.886367e+000	6.021361e-004	
1.071143e-004	5.886367e+000	6.305138e-004	
1.121624e-004	5.886367e+000	6.602290e-004	
1.174485e-004	5.886367e+000	6.913447e-004	
1.229836e-004	5.886367e+000	7.239268e-004	
1.287797e-004	5.886367e+000	7.580444e-004	
1.348489e-004	5.886367e+000	7.937699e-004	
1.412041e-004	5.886367e+000	8.311791e-004	
1.478588e-004	5.886367e+000	8.703514e-004	
1.548272e-004	5.886367e+000	9.113698e-004	
1.621240e-004	5.886367e+000	9.543213e-004	
1.697647e-004	5.886367e+000	9.992971e-004	
1.777654e-004	5.886367e+000	1.046393e-003	
1.861433e-004	5.886367e+000	1.095707e-003	
1.949159e-004	5.886367e+000	1.147347e-003	
2.041020e-004	5.886367e+000	1.201419e-003	
2.137211e-004	5.886367e+000	1.258041e-003	
2.237934e-004	5.886367e+000	1.317330e-003	
2.343405e-004	5.886367e+000	1.379414e-003	
2.453846e-004	5.886367e+000	1.444424e-003	
2.569492e-004	5.886367e+000	1.512497e-003	
2.690589e-004	5.886367e+000	1.583779e-003	
2.817392e-004	5.886367e+000	1.658420e-003	
2.950172e-004	5.886367e+000	1.736579e-003	
3.089209e-004	5.886367e+000	1.818422e-003	
3.234799e-004	5.886367e+000	1.904121e-003	
3.387250e-004	5.886367e+000	1.993860e-003	
3.546887e-004	5.886367e+000	2.087828e-003	
3.714046e-004	5.886367e+000	2.186224e-003	
3.889084e-004	5.886367e+000	2.289257e-003	
4.072371e-004	5.886367e+000	2.397147e-003	
4.264296e-004	5.886367e+000	2.510121e-003	
4.465266e-004	5.886367e+000	2.628419e-003	
4.675707e-004	5.886367e+000	2.752293e-003	
4.896066e-004	5.886367e+000	2.882004e-003	
5.126811e-004	5.886367e+000	3.017829e-003	
5.368430e-004	5.886367e+000	3.160055e-003	
5.621436e-004	5.886367e+000	3.308984e-003	
5.886367e-004	5.886367e+000	3.464931e-003	
6.163783e-004	5.886367e+000	3.628229e-003	
6.454273e-004	5.886367e+000	3.799222e-003	
6.758453e-004	5.886367e+000	3.978273e-003	
7.076969e-004	5.886367e+000	4.165764e-003	
7.410496e-004	5.886367e+000	4.362090e-003	
7.759742e-004	5.886367e+000	4.567669e-003	
8.125448e-004	5.886367e+000	4.782937e-003	
8.508388e-004	5.886367e+000	5.008350e-003	
8.909376e-004	5.886367e+000	5.244386e-003	
9.329263e-004	5.886367e+000	5.491546e-003	
9.768937e-004	5.886367e+000	5.750355e-003	
1.022933e-003	5.886367e+000	6.021361e-003	
1.071143e-003	5.886367e+000	6.305138e-003	
1.121624e-003	5.886367e+000	6.602290e-003	
1.174484e-003	5.886367e+000	6.913447e-003	
1.229836e-003	5.886367e+000	7.239267e-003	
1.287797e-003	5.886367e+000	7.580444e-003	
1.348489e-003	5.886367e+000	7.937699e-003	
1.412041e-003	5.886367e+000	8.311791e-003	
1.478588e-003	5.886367e+000	8.703514e-003	
1.548272e-003	5.886367e+000	9.113698e-003	
1.621240e-003	5.886367e+000	9.543213e-003	
1.697647e-003	5.886367e+000	9.992971e-003	
1.777654e-003	5.886367e+000	1.046393e-002	
1.861433e-003	5.886367e+000	1.095707e-002	
1.949159e-003	5.886367e+000	1.147347e-002	
2.041020e-003	5.886367e+000	1.201419e-002	
2.137210e-003	5.886367e+000	1.258040e-002	
2.237934e-003	5.886367e+000	1.317330e-002	
2.343405e-003	5.886367e+000	1.379414e-002	
2.453846e-003	5.886367e+000	1.444424e-002	
2.569492e-003	5.886367e+000	1.512497e-002	
2.690589e-003	5.886367e+000	1.583779e-002	
2.817392e-003	5.886367e+000	1.658420e-002	
2.950172e-003	5.886367e+000	1.736579e-002	
3.089209e-003	5.886367e+000	1.818422e-002	
3.234799e-003	5.886367e+000	1.904121e-002	
3.387250e-003	5.886367e+000	1.993860e-002	
3.546887e-003	5.886366e+000	2.087827e-002	
3.714046e-003	5.886366e+000	2.186224e-002	
3.889084e-003	5.886366e+000	2.289257e-002	
4.072371e-003	5.886366e+000	2.397147e-002	
4.264296e-003	5.886366e+000	2.510121e-002	
4.465266e-003	5.886366e+000	2.628419e-002	
4.675707e-003	5.886366e+000	2.752293e-002	
4.896067e-003	5.886366e+000	2.882004e-002	
5.126811e-003	5.886366e+000	3.017829e-002	
5.368430e-003	5.886366e+000	3.160055e-002	
5.621437e-003	5.886366e+000	3.308983e-002	
5.886367e-003	5.886366e+000	3.464931e-002	
6.163782e-003	5.886366e+000	3.628228e-002	
6.454273e-003	5.886366e+000	3.799221e-002	
6.758453e-003	5.886366e+000	3.978273e-002	
7.076969e-003	5.886366e+000	4.165763e-002	
7.410496e-003	5.886366e+000	4.362090e-002	
7.759742e-003	5.886366e+000	4.567669e-002	
8.125448e-003	5.886366e+000	4.782936e-002	
8.508388e-003	5.886366e+000	5.008349e-002	
8.909376e-003	5.886366e+000	5.244385e-002	
9.329262e-003	5.886366e+000	5.491546e-002	
9.768937e-003	5.886366e+000	5.750354e-002	
1.022933e-002	5.886366e+000	6.021360e-002	
1.071143e-002	5.886366e+000	6.305138e-002	
1.121624e-002	5.886366e+000	6.602290e-002	
1.174485e-002	5.886366e+000	6.913446e-002	
1.229836e-002	5.886366e+000	7.239267e-002	
1.287797e-002	5.886366e+000	7.580443e-002	
1.348489e-002	5.886366e+000	7.937698e-002	
1.412041e-002	5.886366e+000	8.311790e-002	
1.478588e-002	5.886366e+000	8.703513e-002	
1.548272e-002	5.886366e+000	9.113697e-002	
1.621240e-002	5.886366e+000	9.543213e-002	
1.697647e-002	5.886366e+000	9.992970e-002	
1.777654e-002	5.886366e+000	1.046392e-001	
1.861433e-002	5.886366e+000	1.095707e-001	
1.949159e-002	5.886366e+000	1.147346e-001	
2.041020e-002	5.886366e+000	1.201419e-001	
2.137210e-002	5.886366e+000	1.258040e-001	
2.237934e-002	5.886366e+000	1.317330e-001	
2.343405e-002	5.886366e+000	1.379414e-001	
2.453846e-002	5.886366e+000	1.444424e-001	
2.569492e-002	5.886366e+000	1.512497e-001	
2.690588e-002	5.886366e+000	1.583779e-001	
2.817392e-002	5.886366e+000	1.658420e-001	
2.950172e-002	5.886366e+000	1.736579e-001	
3.089209e-002	5.886366e+000	1.818422e-001	
3.234799e-002	5.886366e+000	1.904121e-001	
3.387250e-002	5.886366e+000	1.993860e-001	
3.546887e-002	5.886366e+000	2.087827e-001	
3.714046e-002	5.886366e+000	2.186223e-001	
3.889083e-002	5.886366e+000	2.289257e-001	
4.072370e-002	5.886366e+000	2.397146e-001	
4.264295e-002	5.886366e+000	2.510120e-001	
4.465265e-002	5.886366e+000	2.628418e-001	
4.675707e-002	5.886366e+000	2.752292e-001	
4.896066e-002	5.886366e+000	2.882004e-001	
5.126810e-002	5.886366e+000	3.017828e-001	
5.368429e-002	5.886366e+000	3.160054e-001	
5.621436e-002	5.886366e+000	3.308983e-001	
5.886366e-002	5.886366e+000	3.464930e-001	
6.163782e-002	5.886366e+000	3.628228e-001	
6.454272e-002	5.886366e+000	3.799221e-001	
6.758452e-002	5.886366e+000	3.978272e-001	
7.076968e-002	5.886366e+000	4.165762e-001	
7.410495e-002	5.886366e+000	4.362088e-001	
7.759741e-002	5.886365e+000	4.567667e-001	
8.125447e-002	5.886365e+000	4.782935e-001	
8.508387e-002	5.886365e+000	5.008348e-001	
8.909374e-002	5.886365e+000	5.244383e-001	
9.329260e-002	5.886365e+000	5.491543e-001	
9.768935e-002	5.886365e+000	5.750352e-001	
1.022933e-001	5.886365e+000	6.021358e-001	
1.071142e-001	5.886365e+000	6.305136e-001	
1.121624e-001	5.886365e+000	6.602287e-001	
1.174484e-001	5.886365e+000	6.913443e-001	
1.229836e-001	5.886365e+000	7.239263e-001	
1.287796e-001	5.886365e+000	7.580439e-001	
1.348488e-001	5.886365e+000	7.937694e-001	
1.412041e-001	5.886365e+000	8.311786e-001	
1.478588e-001	5.886365e+000	8.703508e-001	
1.548272e-001	5.886364e+000	9.113691e-001	
1.621239e-001	5.886364e+000	9.543206e-001	
1.697646e-001	5.886364e+000	9.992964e-001	
1.777654e-001	5.886364e+000	1.046392e+000	
1.861432e-001	5.886364e+000	1.095707e+000	
1.949158e-001	5.886364e+000	1.147346e+000	
2.041019e-001	5.886364e+000	1.201418e+000	
2.137209e-001	5.886364e+000	1.258039e+000	
2.237933e-001	5.886364e+000	1.317329e+000	
2.343404e-001	5.886364e+000	1.379413e+000	
2.453845e-001	5.886364e+000	1.444422e+000	
2.569491e-001	5.886364e+000	1.512496e+000	
2.690587e-001	5.886363e+000	1.583777e+000	
2.817391e-001	5.886363e+000	1.658418e+000	
2.950170e-001	5.886363e+000	1.736577e+000	
3.089207e-001	5.886363e+000	1.818419e+000	
3.234797e-001	5.886363e+000	1.904119e+000	
3.387248e-001	5.886362e+000	1.993857e+000	
3.546884e-001	5.886362e+000	2.087824e+000	
3.714043e-001	5.886362e+000	2.186220e+000	
3.889081e-001	5.886362e+000	2.289253e+000	
4.072367e-001	5.886362e+000	2.397142e+000	
4.264292e-001	5.886361e+000	2.510116e+000	
4.465261e-001	5.886361e+000	2.628414e+000	
4.675702e-001	5.886361e+000	2.752287e+000	
4.896061e-001	5.886360e+000	2.881998e+000	
5.126805e-001	5.886360e+000	3.017822e+000	
5.368424e-001	5.886360e+000	3.160047e+000	
5.621430e-001	5.886359e+000	3.308975e+000	
5.886359e-001	5.886359e+000	3.464922e+000	
6.163774e-001	5.886359e+000	3.628219e+000	
6.454263e-001	5.886358e+000	3.799211e+000	
6.758443e-001	5.886358e+000	3.978261e+000	
7.076958e-001	5.886357e+000	4.165751e+000	
7.410485e-001	5.886357e+000	4.362076e+000	
7.759729e-001	5.886356e+000	4.567653e+000	
8.125433e-001	5.886356e+000	4.782919e+000	
8.508372e-001	5.886355e+000	5.008330e+000	
8.909359e-001	5.886355e+000	5.244365e+000	
9.329243e-001	5.886354e+000	5.491523e+000	
9.768916e-001	5.886354e+000	5.750330e+000	
1.022931e+000	5.886353e+000	6.021333e+000	
1.071140e+000	5.886353e+000	6.305109e+000	
1.121621e+000	5.886352e+000	6.602258e+000	
1.174482e+000	5.886352e+000	6.913411e+000	
1.229833e+000	5.886351e+000	7.239228e+000	
1.287793e+000	5.886350e+000	7.580401e+000	
1.348485e+000	5.886349e+000	7.937651e+000	
1.412037e+000	5.886348e+000	8.311740e+000	
1.478584e+000	5.886347e+000	8.703456e+000	
1.548267e+000	5.886346e+000	9.113635e+000	
1.621234e+000	5.886345e+000	9.543144e+000	
1.697640e+000	5.886344e+000	9.992896e+000	
1.777647e+000	5.886343e+000	1.046384e+001	
1.861425e+000	5.886343e+000	1.095698e+001	
1.949151e+000	5.886341e+000	1.147337e+001	
2.041011e+000	5.886340e+000	1.201409e+001	
2.137200e+000	5.886339e+000	1.258029e+001	
2.237923e+000	5.886338e+000	1.317317e+001	
2.343393e+000	5.886336e+000	1.379400e+001	
2.453833e+000	5.886335e+000	1.444408e+001	
2.569478e+000	5.886333e+000	1.512480e+001	
2.690573e+000	5.886332e+000	1.583760e+001	
2.817375e+000	5.886330e+000	1.658400e+001	
2.950153e+000	5.886328e+000	1.736557e+001	
3.089188e+000	5.886326e+000	1.818397e+001	
3.234776e+000	5.886324e+000	1.904094e+001	
3.387225e+000	5.886322e+000	1.993830e+001	
3.546859e+000	5.886321e+000	2.087795e+001	
3.714016e+000	5.886318e+000	2.186188e+001	
3.889050e+000	5.886316e+000	2.289218e+001	
4.072334e+000	5.886313e+000	2.397104e+001	
4.264256e+000	5.886311e+000	2.510073e+001	
4.465222e+000	5.886309e+000	2.628367e+001	
4.675659e+000	5.886306e+000	2.752236e+001	
4.896013e+000	5.886303e+000	2.881942e+001	
5.126753e+000	5.886300e+000	3.017761e+001	
5.368366e+000	5.886297e+000	3.159980e+001	
5.621367e+000	5.886293e+000	3.308901e+001	
5.886290e+000	5.886290e+000	3.464841e+001	
6.163699e+000	5.886286e+000	3.628129e+001	
6.454180e+000	5.886282e+000	3.799113e+001	
6.758352e+000	5.886279e+000	3.978154e+001	
7.076859e+000	5.886274e+000	4.165633e+001	
7.410375e+000	5.886270e+000	4.361947e+001	
7.759609e+000	5.886265e+000	4.567512e+001	
8.125301e+000	5.886261e+000	4.782764e+001	
8.508228e+000	5.886256e+000	5.008161e+001	
8.909201e+000	5.886250e+000	5.244179e+001	
9.329069e+000	5.886245e+000	5.491318e+001	
9.768725e+000	5.886239e+000	5.750105e+001	
1.022910e+001	5.886233e+000	6.021087e+001	
1.071117e+001	5.886227e+000	6.304838e+001	
1.121596e+001	5.886220e+000	6.601961e+001	
1.174454e+001	5.886213e+000	6.913086e+001	
1.229803e+001	5.886206e+000	7.238872e+001	
1.287760e+001	5.886198e+000	7.580009e+001	
1.348448e+001	5.886190e+000	7.937222e+001	
1.411997e+001	5.886181e+000	8.311268e+001	
1.478540e+001	5.886173e+000	8.702940e+001	
1.548219e+001	5.886164e+000	9.113069e+001	
1.621181e+001	5.886154e+000	9.542522e+001	
1.697582e+001	5.886144e+000	9.992214e+001	
1.777584e+001	5.886133e+000	1.046309e+002	
1.861355e+001	5.886122e+000	1.095616e+002	
1.949074e+001	5.886110e+000	1.147247e+002	
2.040927e+001	5.886098e+000	1.201310e+002	
2.137108e+001	5.886085e+000	1.257920e+002	
2.237822e+001	5.886072e+000	1.317198e+002	
2.343282e+001	5.886057e+000	1.379269e+002	
2.453711e+001	5.886043e+000	1.444265e+002	
2.569344e+001	5.886027e+000	1.512323e+002	
2.690426e+001	5.886011e+000	1.583588e+002	
2.817214e+001	5.885993e+000	1.658210e+002	
2.949976e+001	5.885975e+000	1.736348e+002	
3.088994e+001	5.885956e+000	1.818168e+002	
3.234563e+001	5.885937e+000	1.903843e+002	
3.386991e+001	5.885916e+000	1.993554e+002	
3.546602e+001	5.885894e+000	2.087492e+002	
3.713733e+001	5.885871e+000	2.185855e+002	
3.888740e+001	5.885847e+000	2.288853e+002	
4.071993e+001	5.885821e+000	2.396702e+002	
4.263881e+001	5.885795e+000	2.509633e+002	
4.464811e+001	5.885767e+000	2.627883e+002	
4.675207e+001	5.885737e+000	2.751704e+002	
4.895517e+001	5.885706e+000	2.881357e+002	
5.126207e+001	5.885673e+000	3.017118e+002	
5.367766e+001	5.885639e+000	3.159273e+002	
5.620707e+001	5.885602e+000	3.308124e+002	
5.885564e+001	5.885564e+000	3.463986e+002	
6.162900e+001	5.885524e+000	3.627189e+002	
6.453302e+001	5.885481e+000	3.798079e+002	
6.757385e+001	5.885436e+000	3.977016e+002	
7.075793e+001	5.885389e+000	4.164380e+002	
7.409203e+001	5.885339e+000	4.360567e+002	
7.758318e+001	5.885285e+000	4.565991e+002	
8.123878e+001	5.885229e+000	4.781088e+002	
8.506658e+001	5.885170e+000	5.006313e+002	
8.907469e+001	5.885107e+000	5.242141e+002	
9.327159e+001	5.885039e+000	5.489070e+002	
9.766616e+001	5.884968e+000	5.747622e+002	
1.022677e+002	5.884892e+000	6.018344e+002	
1.070860e+002	5.884811e+000	6.301806e+002	
1.121311e+002	5.884724e+000	6.598606e+002	
1.174138e+002	5.884631e+000	6.909371e+002	
1.229453e+002	5.884531e+000	7.234754e+002	
1.287372e+002	5.884424e+000	7.575440e+002	
1.348017e+002	5.884308e+000	7.932148e+002	
1.411517e+002	5.884182e+000	8.305625e+002	
1.478006e+002	5.884047e+000	8.696654e+002	
1.547623e+002	5.883898e+000	9.106055e+002	
1.620515e+002	5.883736e+000	9.534684e+002	
1.696836e+002	5.883557e+000	9.983433e+002	
1.776746e+002	5.883359e+000	1.045324e+003	
1.860412e+002	5.883140e+000	1.094507e+003	
1.948010e+002	5.882895e+000	1.145994e+003	
2.039721e+002	5.882619e+000	1.199890e+003	
2.135736e+002	5.882307e+000	1.256306e+003	
2.236255e+002	5.881949e+000	1.315354e+003	
2.341482e+002	5.881538e+000	1.377152e+003	
2.451634e+002	5.881060e+000	1.441821e+003	
2.566931e+002	5.880499e+000	1.509484e+003	
2.687603e+002	5.879835e+000	1.580266e+003	
2.813885e+002	5.879039e+000	1.654294e+003	
2.946017e+002	5.878076e+000	1.731691e+003	
3.084239e+002	5.876896e+000	1.812575e+003	
3.228791e+002	5.875433e+000	1.897055e+003	
3.379903e+002	5.873598e+000	1.985219e+003	
3.537787e+002	5.871264e+000	2.077128e+003	
3.702622e+002	5.868260e+000	2.172795e+003	
3.874532e+002	5.864341e+000	2.272157e+003	
4.053547e+002	5.859159e+000	2.375038e+003	
4.239559e+002	5.852221e+000	2.481083e+003	
4.432233e+002	5.842821e+000	2.589675e+003	
4.630907e+002	5.829967e+000	2.699803e+003	
4.834451e+002	5.812288e+000	2.809922e+003	
5.041138e+002	5.788002e+000	2.917812e+003	
5.248603e+002	5.754979e+000	3.020560e+003	
5.454005e+002	5.711044e+000	3.114806e+003	
5.654477e+002	5.654477e+000	3.197311e+003	
5.847704e+002	5.584514e+000	3.265658e+003	
6.032322e+002	5.501544e+000	3.318708e+003	
6.207941e+002	5.406891e+000	3.356566e+003	
6.374871e+002	5.302387e+000	3.380203e+003	
6.533785e+002	5.189970e+000	3.391015e+003	
6.685469e+002	5.071447e+000	3.390500e+003	
6.830676e+002	4.948387e+000	3.380083e+003	
6.970067e+002	4.822108e+000	3.361041e+003	
7.104196e+002	4.693695e+000	3.334493e+003	
7.233516e+002	4.564040e+000	3.301406e+003	
7.358397e+002	4.433873e+000	3.262620e+003	
7.479138e+002	4.303794e+000	3.218867e+003	
7.595980e+002	4.174301e+000	3.170791e+003	
7.709123e+002	4.045805e+000	3.118961e+003	
7.818732e+002	3.918649e+000	3.063886e+003	
7.924946e+002	3.793118e+000	3.006025e+003	
8.027883e+002	3.669451e+000	2.945792e+003	
8.127646e+002	3.547846e+000	2.883564e+003	
8.224327e+002	3.428470e+000	2.819686e+003	
8.318006e+002	3.311458e+000	2.754473e+003	
8.408759e+002	3.196921e+000	2.688214e+003	
8.496655e+002	3.084949e+000	2.621174e+003	
8.581760e+002	2.975612e+000	2.553599e+003	
8.664138e+002	2.868966e+000	2.485711e+003	
8.743849e+002	2.765048e+000	2.417716e+003	
8.820955e+002	2.663886e+000	2.349801e+003	
8.895511e+002	2.565494e+000	2.282138e+003	
8.921830e+002	2.457276e+000	2.192340e+003	
8.938806e+002	2.351145e+000	2.101643e+003	
8.954567e+002	2.249285e+000	2.014138e+003	
8.969299e+002	2.151585e+000	1.929821e+003	
8.983107e+002	2.057911e+000	1.848643e+003	
8.996073e+002	1.968126e+000	1.770541e+003	
9.008265e+002	1.882093e+000	1.695439e+003	
9.019743e+002	1.799675e+000	1.623261e+003	
9.030560e+002	1.720738e+000	1.553922e+003	
9.040762e+002	1.645148e+000	1.487339e+003	
9.050394e+002	1.572778e+000	1.423426e+003	
9.059494e+002	1.503502e+000	1.362097e+003	
9.068097e+002	1.437196e+000	1.303264e+003	
9.076235e+002	1.373744e+000	1.246842e+003	
9.083939e+002	1.313029e+000	1.192747e+003	
9.091235e+002	1.254940e+000	1.140895e+003	
9.098148e+002	1.199369e+000	1.091204e+003	
9.104701e+002	1.146214e+000	1.043594e+003	
9.110916e+002	1.095373e+000	9.979852e+002	
9.116813e+002	1.046750e+000	9.543025e+002	
9.122409e+002	1.000252e+000	9.124710e+002	
9.127723e+002	9.557899e-001	8.724185e+002	
9.132769e+002	9.132769e-001	8.340747e+002	
9.137563e+002	8.726305e-001	7.973717e+002	
9.142120e+002	8.337712e-001	7.622436e+002	
9.146451e+002	7.966226e-001	7.286269e+002	
9.150569e+002	7.611111e-001	6.964600e+002	
9.154485e+002	7.271666e-001	6.656836e+002	
9.158210e+002	6.947213e-001	6.362403e+002	
9.161754e+002	6.637104e-001	6.080752e+002	
9.165127e+002	6.340719e-001	5.811349e+002	
9.168337e+002	6.057460e-001	5.553684e+002	
9.171393e+002	5.786757e-001	5.307263e+002	
9.174302e+002	5.528064e-001	5.071613e+002	
9.177073e+002	5.280855e-001	4.846279e+002	
9.179712e+002	5.044627e-001	4.630822e+002	
9.182225e+002	4.818901e-001	4.424823e+002	
9.184620e+002	4.603214e-001	4.227878e+002	
9.186902e+002	4.397128e-001	4.039598e+002	
9.189076e+002	4.200218e-001	3.859612e+002	
9.191147e+002	4.012081e-001	3.687563e+002	
9.193122e+002	3.832331e-001	3.523109e+002	
9.195004e+002	3.660597e-001	3.365921e+002	
9.196799e+002	3.496525e-001	3.215684e+002	
9.198510e+002	3.339777e-001	3.072097e+002	
9.200140e+002	3.190028e-001	2.934870e+002	
9.201696e+002	3.046968e-001	2.803727e+002	
9.203179e+002	2.910301e-001	2.678402e+002	
9.204594e+002	2.779743e-001	2.558640e+002	
9.205943e+002	2.655023e-001	2.444199e+002	
9.207230e+002	2.535882e-001	2.334845e+002	
9.208457e+002	2.422071e-001	2.230354e+002	
9.209628e+002	2.313354e-001	2.130513e+002	
9.210745e+002	2.209504e-001	2.035118e+002	
9.211812e+002	2.110304e-001	1.943972e+002	
9.212828e+002	2.015547e-001	1.856889e+002	
9.213799e+002	1.925035e-001	1.773689e+002	
9.214725e+002	1.838579e-001	1.694200e+002	
9.215609e+002	1.755998e-001	1.618259e+002	
9.216434e+002	1.677115e-001	1.545702e+002	
9.217237e+002	1.601772e-001	1.476391e+002	
9.218004e+002	1.529808e-001	1.410177e+002	
9.218735e+002	1.461071e-001	1.346923e+002	
9.219434e+002	1.395418e-001	1.286496e+002	
9.220099e+002	1.332710e-001	1.228772e+002	
9.220735e+002	1.272816e-001	1.173630e+002	
9.221343e+002	1.215610e-001	1.120955e+002	
9.221922e+002	1.160971e-001	1.070639e+002	
9.222475e+002	1.108785e-001	1.022575e+002	
9.223002e+002	1.058942e-001	9.766628e+001	
9.223506e+002	1.011337e-001	9.328076e+001	
9.223987e+002	9.658700e-002	8.909173e+001	
9.224446e+002	9.224446e-002	8.509041e+001	
9.224885e+002	8.809696e-002	8.126843e+001	
9.225303e+002	8.413576e-002	7.761779e+001	
9.225702e+002	8.035251e-002	7.413083e+001	
9.226083e+002	7.673921e-002	7.080024e+001	
9.226447e+002	7.328828e-002	6.761904e+001	
9.226794e+002	6.999239e-002	6.458054e+001	
9.227126e+002	6.684462e-002	6.167838e+001	
9.227443e+002	6.383831e-002	5.890643e+001	
9.227745e+002	6.096711e-002	5.625889e+001	
9.228034e+002	5.822496e-002	5.373019e+001	
9.228309e+002	5.560606e-002	5.131500e+001	
9.228572e+002	5.310489e-002	4.900823e+001	
9.228824e+002	5.071616e-002	4.680505e+001	
9.229063e+002	4.843481e-002	4.470079e+001	
9.229293e+002	4.625604e-002	4.269105e+001	
9.229511e+002	4.417522e-002	4.077157e+001	
9.229720e+002	4.218796e-002	3.893830e+001	
9.229919e+002	4.029006e-002	3.718740e+001	
9.230109e+002	3.847750e-002	3.551515e+001	
9.230291e+002	3.674645e-002	3.391804e+001	
9.230464e+002	3.509325e-002	3.239270e+001	
9.230630e+002	3.351439e-002	3.093590e+001	
9.230789e+002	3.200654e-002	2.954456e+001	
9.230939e+002	3.056651e-002	2.821576e+001	
9.231083e+002	2.919125e-002	2.694669e+001	
9.231221e+002	2.787784e-002	2.573465e+001	
9.231353e+002	2.662351e-002	2.457710e+001	
9.231478e+002	2.542560e-002	2.347159e+001	
9.231599e+002	2.428158e-002	2.241578e+001	
9.231713e+002	2.318901e-002	2.140743e+001	
9.231822e+002	2.214560e-002	2.044442e+001	
9.231926e+002	2.114912e-002	1.952471e+001	
9.232026e+002	2.019747e-002	1.864636e+001	
9.232122e+002	1.928863e-002	1.780750e+001	
9.232213e+002	1.842069e-002	1.700637e+001	
9.232299e+002	1.759178e-002	1.624126e+001	
9.232382e+002	1.680017e-002	1.551056e+001	
9.232461e+002	1.604418e-002	1.481273e+001	
9.232537e+002	1.532220e-002	1.414627e+001	
9.232609e+002	1.463270e-002	1.350980e+001	
9.232678e+002	1.397422e-002	1.290195e+001	
9.232744e+002	1.334537e-002	1.232144e+001	
9.232806e+002	1.274482e-002	1.176705e+001	
9.232866e+002	1.217129e-002	1.123759e+001	
9.232924e+002	1.162356e-002	1.073195e+001	
9.232979e+002	1.110048e-002	1.024905e+001	
9.233031e+002	1.060094e-002	9.787878e+000	
9.233080e+002	1.012387e-002	9.347452e+000	
9.233128e+002	9.668272e-003	8.926839e+000	
9.233174e+002	9.233174e-003	8.525150e+000	
