V(out)	I(R1)	power

%Step Information: Ifailure1=58.89m Ifailure2=2.94  (Run: 1/24)
5.888743e-020	5.888743e+000	3.467730e-019	
6.166272e-020	5.888743e+000	3.631159e-019	
6.456879e-020	5.888743e+000	3.802290e-019	
6.761182e-020	5.888743e+000	3.981486e-019	
7.079827e-020	5.888743e+000	4.169128e-019	
7.413489e-020	5.888743e+000	4.365613e-019	
7.762875e-020	5.888743e+000	4.571358e-019	
8.128728e-020	5.888743e+000	4.786800e-019	
8.511824e-020	5.888743e+000	5.012394e-019	
8.912974e-020	5.888743e+000	5.248622e-019	
9.333029e-020	5.888743e+000	5.495981e-019	
9.772881e-020	5.888743e+000	5.754999e-019	
1.023346e-019	5.888743e+000	6.026224e-019	
1.071575e-019	5.888743e+000	6.310231e-019	
1.122077e-019	5.888743e+000	6.607623e-019	
1.174959e-019	5.888743e+000	6.919031e-019	
1.230333e-019	5.888743e+000	7.245114e-019	
1.288317e-019	5.888743e+000	7.586566e-019	
1.349033e-019	5.888743e+000	7.944110e-019	
1.412611e-019	5.888743e+000	8.318504e-019	
1.479185e-019	5.888743e+000	8.710543e-019	
1.548897e-019	5.888743e+000	9.121058e-019	
1.621895e-019	5.888743e+000	9.550921e-019	
1.698332e-019	5.888743e+000	1.000104e-018	
1.778372e-019	5.888743e+000	1.047238e-018	
1.862184e-019	5.888743e+000	1.096592e-018	
1.949946e-019	5.888743e+000	1.148273e-018	
2.041844e-019	5.888743e+000	1.202390e-018	
2.138073e-019	5.888743e+000	1.259057e-018	
2.238838e-019	5.888743e+000	1.318394e-018	
2.344351e-019	5.888743e+000	1.380528e-018	
2.454837e-019	5.888743e+000	1.445590e-018	
2.570530e-019	5.888743e+000	1.513719e-018	
2.691675e-019	5.888743e+000	1.585058e-018	
2.818530e-019	5.888743e+000	1.659760e-018	
2.951363e-019	5.888743e+000	1.737982e-018	
3.090456e-019	5.888743e+000	1.819890e-018	
3.236105e-019	5.888743e+000	1.905659e-018	
3.388618e-019	5.888743e+000	1.995470e-018	
3.548319e-019	5.888743e+000	2.089514e-018	
3.715546e-019	5.888743e+000	2.187990e-018	
3.890654e-019	5.888743e+000	2.291106e-018	
4.074015e-019	5.888743e+000	2.399083e-018	
4.266017e-019	5.888743e+000	2.512148e-018	
4.467068e-019	5.888743e+000	2.630542e-018	
4.677595e-019	5.888743e+000	2.754516e-018	
4.898043e-019	5.888743e+000	2.884332e-018	
5.128881e-019	5.888743e+000	3.020267e-018	
5.370598e-019	5.888743e+000	3.162607e-018	
5.623706e-019	5.888743e+000	3.311656e-018	
5.888743e-019	5.888743e+000	3.467730e-018	
6.166271e-019	5.888743e+000	3.631159e-018	
6.456879e-019	5.888743e+000	3.802290e-018	
6.761182e-019	5.888743e+000	3.981487e-018	
7.079826e-019	5.888743e+000	4.169128e-018	
7.413488e-019	5.888743e+000	4.365613e-018	
7.762875e-019	5.888743e+000	4.571358e-018	
8.128729e-019	5.888743e+000	4.786800e-018	
8.511824e-019	5.888743e+000	5.012395e-018	
8.912973e-019	5.888743e+000	5.248621e-018	
9.333029e-019	5.888743e+000	5.495981e-018	
9.772881e-019	5.888743e+000	5.754999e-018	
1.023346e-018	5.888743e+000	6.026224e-018	
1.071575e-018	5.888743e+000	6.310231e-018	
1.122077e-018	5.888743e+000	6.607623e-018	
1.174959e-018	5.888743e+000	6.919031e-018	
1.230333e-018	5.888743e+000	7.245114e-018	
1.288317e-018	5.888743e+000	7.586566e-018	
1.349033e-018	5.888743e+000	7.944110e-018	
1.412611e-018	5.888743e+000	8.318505e-018	
1.479185e-018	5.888743e+000	8.710544e-018	
1.548897e-018	5.888743e+000	9.121059e-018	
1.621895e-018	5.888743e+000	9.550921e-018	
1.698332e-018	5.888743e+000	1.000104e-017	
1.778372e-018	5.888743e+000	1.047238e-017	
1.862184e-018	5.888743e+000	1.096592e-017	
1.949946e-018	5.888743e+000	1.148273e-017	
2.041844e-018	5.888743e+000	1.202390e-017	
2.138073e-018	5.888743e+000	1.259057e-017	
2.238838e-018	5.888743e+000	1.318394e-017	
2.344351e-018	5.888743e+000	1.380528e-017	
2.454837e-018	5.888743e+000	1.445590e-017	
2.570530e-018	5.888743e+000	1.513719e-017	
2.691675e-018	5.888743e+000	1.585058e-017	
2.818530e-018	5.888743e+000	1.659760e-017	
2.951363e-018	5.888743e+000	1.737982e-017	
3.090456e-018	5.888743e+000	1.819890e-017	
3.236105e-018	5.888743e+000	1.905659e-017	
3.388618e-018	5.888743e+000	1.995470e-017	
3.548319e-018	5.888743e+000	2.089514e-017	
3.715546e-018	5.888743e+000	2.187990e-017	
3.890654e-018	5.888743e+000	2.291106e-017	
4.074015e-018	5.888743e+000	2.399083e-017	
4.266017e-018	5.888743e+000	2.512148e-017	
4.467069e-018	5.888743e+000	2.630542e-017	
4.677595e-018	5.888743e+000	2.754516e-017	
4.898043e-018	5.888743e+000	2.884332e-017	
5.128881e-018	5.888743e+000	3.020266e-017	
5.370598e-018	5.888743e+000	3.162607e-017	
5.623706e-018	5.888743e+000	3.311656e-017	
5.888743e-018	5.888743e+000	3.467730e-017	
6.166271e-018	5.888743e+000	3.631159e-017	
6.456879e-018	5.888743e+000	3.802290e-017	
6.761182e-018	5.888743e+000	3.981487e-017	
7.079826e-018	5.888743e+000	4.169128e-017	
7.413489e-018	5.888743e+000	4.365613e-017	
7.762876e-018	5.888743e+000	4.571358e-017	
8.128729e-018	5.888743e+000	4.786800e-017	
8.511824e-018	5.888743e+000	5.012395e-017	
8.912974e-018	5.888743e+000	5.248621e-017	
9.333029e-018	5.888743e+000	5.495981e-017	
9.772882e-018	5.888743e+000	5.754999e-017	
1.023346e-017	5.888743e+000	6.026224e-017	
1.071575e-017	5.888743e+000	6.310231e-017	
1.122077e-017	5.888743e+000	6.607623e-017	
1.174959e-017	5.888743e+000	6.919031e-017	
1.230333e-017	5.888743e+000	7.245115e-017	
1.288317e-017	5.888743e+000	7.586566e-017	
1.349033e-017	5.888743e+000	7.944110e-017	
1.412611e-017	5.888743e+000	8.318504e-017	
1.479185e-017	5.888743e+000	8.710543e-017	
1.548897e-017	5.888743e+000	9.121059e-017	
1.621895e-017	5.888743e+000	9.550921e-017	
1.698332e-017	5.888743e+000	1.000104e-016	
1.778372e-017	5.888743e+000	1.047238e-016	
1.862184e-017	5.888743e+000	1.096592e-016	
1.949946e-017	5.888743e+000	1.148273e-016	
2.041844e-017	5.888743e+000	1.202390e-016	
2.138073e-017	5.888743e+000	1.259057e-016	
2.238838e-017	5.888743e+000	1.318394e-016	
2.344351e-017	5.888743e+000	1.380528e-016	
2.454837e-017	5.888743e+000	1.445590e-016	
2.570530e-017	5.888743e+000	1.513719e-016	
2.691675e-017	5.888743e+000	1.585058e-016	
2.818530e-017	5.888743e+000	1.659760e-016	
2.951363e-017	5.888743e+000	1.737982e-016	
3.090456e-017	5.888743e+000	1.819890e-016	
3.236105e-017	5.888743e+000	1.905659e-016	
3.388618e-017	5.888743e+000	1.995470e-016	
3.548319e-017	5.888743e+000	2.089514e-016	
3.715546e-017	5.888743e+000	2.187990e-016	
3.890654e-017	5.888743e+000	2.291106e-016	
4.074015e-017	5.888743e+000	2.399083e-016	
4.266017e-017	5.888743e+000	2.512148e-016	
4.467068e-017	5.888743e+000	2.630542e-016	
4.677595e-017	5.888743e+000	2.754516e-016	
4.898043e-017	5.888743e+000	2.884332e-016	
5.128881e-017	5.888743e+000	3.020266e-016	
5.370598e-017	5.888743e+000	3.162607e-016	
5.623707e-017	5.888743e+000	3.311656e-016	
5.888743e-017	5.888743e+000	3.467730e-016	
6.166271e-017	5.888743e+000	3.631159e-016	
6.456879e-017	5.888743e+000	3.802290e-016	
6.761182e-017	5.888743e+000	3.981486e-016	
7.079827e-017	5.888743e+000	4.169128e-016	
7.413488e-017	5.888743e+000	4.365613e-016	
7.762876e-017	5.888743e+000	4.571358e-016	
8.128728e-017	5.888743e+000	4.786800e-016	
8.511823e-017	5.888743e+000	5.012394e-016	
8.912974e-017	5.888743e+000	5.248621e-016	
9.333029e-017	5.888743e+000	5.495981e-016	
9.772882e-017	5.888743e+000	5.754999e-016	
1.023346e-016	5.888743e+000	6.026224e-016	
1.071575e-016	5.888743e+000	6.310231e-016	
1.122077e-016	5.888743e+000	6.607623e-016	
1.174959e-016	5.888743e+000	6.919030e-016	
1.230333e-016	5.888743e+000	7.245114e-016	
1.288317e-016	5.888743e+000	7.586566e-016	
1.349033e-016	5.888743e+000	7.944110e-016	
1.412611e-016	5.888743e+000	8.318505e-016	
1.479185e-016	5.888743e+000	8.710543e-016	
1.548897e-016	5.888743e+000	9.121059e-016	
1.621895e-016	5.888743e+000	9.550921e-016	
1.698332e-016	5.888743e+000	1.000104e-015	
1.778372e-016	5.888743e+000	1.047238e-015	
1.862184e-016	5.888743e+000	1.096592e-015	
1.949946e-016	5.888743e+000	1.148273e-015	
2.041844e-016	5.888743e+000	1.202390e-015	
2.138073e-016	5.888743e+000	1.259057e-015	
2.238838e-016	5.888743e+000	1.318394e-015	
2.344351e-016	5.888743e+000	1.380528e-015	
2.454837e-016	5.888743e+000	1.445590e-015	
2.570530e-016	5.888743e+000	1.513719e-015	
2.691675e-016	5.888743e+000	1.585058e-015	
2.818530e-016	5.888743e+000	1.659760e-015	
2.951363e-016	5.888743e+000	1.737982e-015	
3.090456e-016	5.888743e+000	1.819890e-015	
3.236105e-016	5.888743e+000	1.905659e-015	
3.388618e-016	5.888743e+000	1.995470e-015	
3.548319e-016	5.888743e+000	2.089514e-015	
3.715546e-016	5.888743e+000	2.187990e-015	
3.890654e-016	5.888743e+000	2.291106e-015	
4.074015e-016	5.888743e+000	2.399083e-015	
4.266017e-016	5.888743e+000	2.512148e-015	
4.467069e-016	5.888743e+000	2.630542e-015	
4.677595e-016	5.888743e+000	2.754516e-015	
4.898043e-016	5.888743e+000	2.884332e-015	
5.128881e-016	5.888743e+000	3.020266e-015	
5.370598e-016	5.888743e+000	3.162607e-015	
5.623706e-016	5.888743e+000	3.311656e-015	
5.888744e-016	5.888743e+000	3.467730e-015	
6.166271e-016	5.888743e+000	3.631159e-015	
6.456879e-016	5.888743e+000	3.802290e-015	
6.761182e-016	5.888743e+000	3.981487e-015	
7.079826e-016	5.888743e+000	4.169128e-015	
7.413489e-016	5.888743e+000	4.365613e-015	
7.762875e-016	5.888743e+000	4.571358e-015	
8.128728e-016	5.888743e+000	4.786800e-015	
8.511824e-016	5.888743e+000	5.012395e-015	
8.912974e-016	5.888743e+000	5.248622e-015	
9.333029e-016	5.888743e+000	5.495982e-015	
9.772881e-016	5.888743e+000	5.754999e-015	
1.023346e-015	5.888743e+000	6.026224e-015	
1.071575e-015	5.888743e+000	6.310231e-015	
1.122077e-015	5.888743e+000	6.607623e-015	
1.174959e-015	5.888743e+000	6.919031e-015	
1.230333e-015	5.888743e+000	7.245114e-015	
1.288317e-015	5.888743e+000	7.586566e-015	
1.349033e-015	5.888743e+000	7.944110e-015	
1.412611e-015	5.888743e+000	8.318505e-015	
1.479185e-015	5.888743e+000	8.710543e-015	
1.548897e-015	5.888743e+000	9.121059e-015	
1.621895e-015	5.888743e+000	9.550921e-015	
1.698332e-015	5.888743e+000	1.000104e-014	
1.778372e-015	5.888743e+000	1.047238e-014	
1.862184e-015	5.888743e+000	1.096592e-014	
1.949946e-015	5.888743e+000	1.148273e-014	
2.041844e-015	5.888743e+000	1.202390e-014	
2.138073e-015	5.888743e+000	1.259057e-014	
2.238838e-015	5.888743e+000	1.318394e-014	
2.344351e-015	5.888743e+000	1.380528e-014	
2.454837e-015	5.888743e+000	1.445590e-014	
2.570530e-015	5.888743e+000	1.513719e-014	
2.691675e-015	5.888743e+000	1.585058e-014	
2.818530e-015	5.888743e+000	1.659760e-014	
2.951363e-015	5.888743e+000	1.737982e-014	
3.090456e-015	5.888743e+000	1.819891e-014	
3.236105e-015	5.888743e+000	1.905659e-014	
3.388618e-015	5.888743e+000	1.995470e-014	
3.548319e-015	5.888743e+000	2.089514e-014	
3.715546e-015	5.888743e+000	2.187990e-014	
3.890654e-015	5.888743e+000	2.291106e-014	
4.074015e-015	5.888743e+000	2.399083e-014	
4.266017e-015	5.888743e+000	2.512148e-014	
4.467069e-015	5.888743e+000	2.630542e-014	
4.677595e-015	5.888743e+000	2.754516e-014	
4.898043e-015	5.888743e+000	2.884332e-014	
5.128881e-015	5.888743e+000	3.020266e-014	
5.370598e-015	5.888743e+000	3.162607e-014	
5.623706e-015	5.888743e+000	3.311656e-014	
5.888743e-015	5.888743e+000	3.467730e-014	
6.166271e-015	5.888743e+000	3.631159e-014	
6.456879e-015	5.888743e+000	3.802290e-014	
6.761182e-015	5.888743e+000	3.981487e-014	
7.079827e-015	5.888743e+000	4.169128e-014	
7.413489e-015	5.888743e+000	4.365613e-014	
7.762876e-015	5.888743e+000	4.571358e-014	
8.128729e-015	5.888743e+000	4.786800e-014	
8.511824e-015	5.888743e+000	5.012395e-014	
8.912974e-015	5.888743e+000	5.248621e-014	
9.333029e-015	5.888743e+000	5.495981e-014	
9.772881e-015	5.888743e+000	5.754999e-014	
1.023346e-014	5.888743e+000	6.026224e-014	
1.071575e-014	5.888743e+000	6.310231e-014	
1.122077e-014	5.888743e+000	6.607623e-014	
1.174959e-014	5.888743e+000	6.919031e-014	
1.230333e-014	5.888743e+000	7.245115e-014	
1.288317e-014	5.888743e+000	7.586566e-014	
1.349033e-014	5.888743e+000	7.944110e-014	
1.412611e-014	5.888743e+000	8.318505e-014	
1.479185e-014	5.888743e+000	8.710544e-014	
1.548897e-014	5.888743e+000	9.121059e-014	
1.621895e-014	5.888743e+000	9.550921e-014	
1.698332e-014	5.888743e+000	1.000104e-013	
1.778372e-014	5.888743e+000	1.047238e-013	
1.862184e-014	5.888743e+000	1.096592e-013	
1.949946e-014	5.888743e+000	1.148273e-013	
2.041844e-014	5.888743e+000	1.202390e-013	
2.138073e-014	5.888743e+000	1.259057e-013	
2.238838e-014	5.888743e+000	1.318394e-013	
2.344351e-014	5.888743e+000	1.380528e-013	
2.454837e-014	5.888743e+000	1.445590e-013	
2.570530e-014	5.888743e+000	1.513719e-013	
2.691675e-014	5.888743e+000	1.585058e-013	
2.818530e-014	5.888743e+000	1.659760e-013	
2.951363e-014	5.888743e+000	1.737982e-013	
3.090456e-014	5.888743e+000	1.819890e-013	
3.236105e-014	5.888743e+000	1.905659e-013	
3.388618e-014	5.888743e+000	1.995470e-013	
3.548319e-014	5.888743e+000	2.089514e-013	
3.715546e-014	5.888743e+000	2.187990e-013	
3.890654e-014	5.888743e+000	2.291106e-013	
4.074015e-014	5.888743e+000	2.399083e-013	
4.266017e-014	5.888743e+000	2.512148e-013	
4.467068e-014	5.888743e+000	2.630542e-013	
4.677595e-014	5.888743e+000	2.754516e-013	
4.898043e-014	5.888743e+000	2.884332e-013	
5.128881e-014	5.888743e+000	3.020266e-013	
5.370598e-014	5.888743e+000	3.162607e-013	
5.623706e-014	5.888743e+000	3.311656e-013	
5.888743e-014	5.888743e+000	3.467730e-013	
6.166271e-014	5.888743e+000	3.631159e-013	
6.456879e-014	5.888743e+000	3.802290e-013	
6.761182e-014	5.888743e+000	3.981486e-013	
7.079827e-014	5.888743e+000	4.169128e-013	
7.413488e-014	5.888743e+000	4.365613e-013	
7.762875e-014	5.888743e+000	4.571358e-013	
8.128729e-014	5.888743e+000	4.786800e-013	
8.511824e-014	5.888743e+000	5.012395e-013	
8.912974e-014	5.888743e+000	5.248622e-013	
9.333029e-014	5.888743e+000	5.495981e-013	
9.772881e-014	5.888743e+000	5.754999e-013	
1.023346e-013	5.888743e+000	6.026224e-013	
1.071575e-013	5.888743e+000	6.310231e-013	
1.122077e-013	5.888743e+000	6.607623e-013	
1.174959e-013	5.888743e+000	6.919030e-013	
1.230333e-013	5.888743e+000	7.245114e-013	
1.288317e-013	5.888743e+000	7.586566e-013	
1.349033e-013	5.888743e+000	7.944110e-013	
1.412611e-013	5.888743e+000	8.318504e-013	
1.479185e-013	5.888743e+000	8.710543e-013	
1.548897e-013	5.888743e+000	9.121059e-013	
1.621895e-013	5.888743e+000	9.550921e-013	
1.698332e-013	5.888743e+000	1.000104e-012	
1.778372e-013	5.888743e+000	1.047238e-012	
1.862184e-013	5.888743e+000	1.096592e-012	
1.949946e-013	5.888743e+000	1.148273e-012	
2.041844e-013	5.888743e+000	1.202390e-012	
2.138074e-013	5.888743e+000	1.259057e-012	
2.238838e-013	5.888743e+000	1.318394e-012	
2.344351e-013	5.888743e+000	1.380528e-012	
2.454837e-013	5.888743e+000	1.445590e-012	
2.570530e-013	5.888743e+000	1.513719e-012	
2.691675e-013	5.888743e+000	1.585058e-012	
2.818530e-013	5.888743e+000	1.659760e-012	
2.951363e-013	5.888743e+000	1.737982e-012	
3.090456e-013	5.888743e+000	1.819891e-012	
3.236105e-013	5.888743e+000	1.905659e-012	
3.388618e-013	5.888743e+000	1.995470e-012	
3.548319e-013	5.888743e+000	2.089514e-012	
3.715546e-013	5.888743e+000	2.187990e-012	
3.890654e-013	5.888743e+000	2.291106e-012	
4.074015e-013	5.888743e+000	2.399083e-012	
4.266017e-013	5.888743e+000	2.512148e-012	
4.467069e-013	5.888743e+000	2.630542e-012	
4.677595e-013	5.888743e+000	2.754516e-012	
4.898043e-013	5.888743e+000	2.884332e-012	
5.128881e-013	5.888743e+000	3.020267e-012	
5.370598e-013	5.888743e+000	3.162607e-012	
5.623706e-013	5.888743e+000	3.311656e-012	
5.888743e-013	5.888743e+000	3.467730e-012	
6.166271e-013	5.888743e+000	3.631159e-012	
6.456879e-013	5.888743e+000	3.802290e-012	
6.761182e-013	5.888743e+000	3.981486e-012	
7.079827e-013	5.888743e+000	4.169128e-012	
7.413489e-013	5.888743e+000	4.365613e-012	
7.762876e-013	5.888743e+000	4.571358e-012	
8.128729e-013	5.888743e+000	4.786800e-012	
8.511824e-013	5.888743e+000	5.012394e-012	
8.912973e-013	5.888743e+000	5.248621e-012	
9.333029e-013	5.888743e+000	5.495981e-012	
9.772881e-013	5.888743e+000	5.754999e-012	
1.023346e-012	5.888743e+000	6.026224e-012	
1.071575e-012	5.888743e+000	6.310231e-012	
1.122077e-012	5.888743e+000	6.607623e-012	
1.174959e-012	5.888743e+000	6.919031e-012	
1.230333e-012	5.888743e+000	7.245115e-012	
1.288317e-012	5.888743e+000	7.586566e-012	
1.349033e-012	5.888743e+000	7.944110e-012	
1.412611e-012	5.888743e+000	8.318504e-012	
1.479185e-012	5.888743e+000	8.710544e-012	
1.548897e-012	5.888743e+000	9.121059e-012	
1.621895e-012	5.888743e+000	9.550921e-012	
1.698332e-012	5.888743e+000	1.000104e-011	
1.778372e-012	5.888743e+000	1.047238e-011	
1.862184e-012	5.888743e+000	1.096593e-011	
1.949946e-012	5.888743e+000	1.148273e-011	
2.041844e-012	5.888743e+000	1.202390e-011	
2.138073e-012	5.888743e+000	1.259057e-011	
2.238838e-012	5.888743e+000	1.318394e-011	
2.344351e-012	5.888743e+000	1.380528e-011	
2.454837e-012	5.888743e+000	1.445590e-011	
2.570530e-012	5.888743e+000	1.513719e-011	
2.691675e-012	5.888743e+000	1.585058e-011	
2.818530e-012	5.888743e+000	1.659760e-011	
2.951363e-012	5.888743e+000	1.737982e-011	
3.090456e-012	5.888743e+000	1.819891e-011	
3.236105e-012	5.888743e+000	1.905659e-011	
3.388618e-012	5.888743e+000	1.995470e-011	
3.548319e-012	5.888743e+000	2.089514e-011	
3.715546e-012	5.888743e+000	2.187990e-011	
3.890654e-012	5.888743e+000	2.291106e-011	
4.074015e-012	5.888743e+000	2.399083e-011	
4.266017e-012	5.888743e+000	2.512148e-011	
4.467069e-012	5.888743e+000	2.630542e-011	
4.677595e-012	5.888743e+000	2.754516e-011	
4.898043e-012	5.888743e+000	2.884332e-011	
5.128881e-012	5.888743e+000	3.020266e-011	
5.370598e-012	5.888743e+000	3.162607e-011	
5.623706e-012	5.888743e+000	3.311656e-011	
5.888743e-012	5.888743e+000	3.467730e-011	
6.166271e-012	5.888743e+000	3.631159e-011	
6.456878e-012	5.888743e+000	3.802290e-011	
6.761182e-012	5.888743e+000	3.981487e-011	
7.079827e-012	5.888743e+000	4.169128e-011	
7.413488e-012	5.888743e+000	4.365613e-011	
7.762875e-012	5.888743e+000	4.571358e-011	
8.128729e-012	5.888743e+000	4.786800e-011	
8.511824e-012	5.888743e+000	5.012395e-011	
8.912974e-012	5.888743e+000	5.248621e-011	
9.333029e-012	5.888743e+000	5.495981e-011	
9.772881e-012	5.888743e+000	5.754999e-011	
1.023346e-011	5.888743e+000	6.026224e-011	
1.071575e-011	5.888743e+000	6.310231e-011	
1.122077e-011	5.888743e+000	6.607623e-011	
1.174959e-011	5.888743e+000	6.919031e-011	
1.230333e-011	5.888743e+000	7.245114e-011	
1.288317e-011	5.888743e+000	7.586566e-011	
1.349033e-011	5.888743e+000	7.944110e-011	
1.412611e-011	5.888743e+000	8.318504e-011	
1.479186e-011	5.888743e+000	8.710544e-011	
1.548897e-011	5.888743e+000	9.121059e-011	
1.621895e-011	5.888743e+000	9.550921e-011	
1.698332e-011	5.888743e+000	1.000104e-010	
1.778372e-011	5.888743e+000	1.047238e-010	
1.862184e-011	5.888743e+000	1.096592e-010	
1.949946e-011	5.888743e+000	1.148273e-010	
2.041844e-011	5.888743e+000	1.202390e-010	
2.138073e-011	5.888743e+000	1.259057e-010	
2.238838e-011	5.888743e+000	1.318394e-010	
2.344351e-011	5.888743e+000	1.380528e-010	
2.454837e-011	5.888743e+000	1.445590e-010	
2.570530e-011	5.888743e+000	1.513719e-010	
2.691675e-011	5.888743e+000	1.585058e-010	
2.818530e-011	5.888743e+000	1.659760e-010	
2.951363e-011	5.888743e+000	1.737982e-010	
3.090456e-011	5.888743e+000	1.819890e-010	
3.236105e-011	5.888743e+000	1.905659e-010	
3.388618e-011	5.888743e+000	1.995470e-010	
3.548319e-011	5.888743e+000	2.089514e-010	
3.715546e-011	5.888743e+000	2.187990e-010	
3.890654e-011	5.888743e+000	2.291106e-010	
4.074015e-011	5.888743e+000	2.399083e-010	
4.266017e-011	5.888743e+000	2.512148e-010	
4.467069e-011	5.888743e+000	2.630542e-010	
4.677595e-011	5.888743e+000	2.754516e-010	
4.898043e-011	5.888743e+000	2.884332e-010	
5.128881e-011	5.888743e+000	3.020266e-010	
5.370598e-011	5.888743e+000	3.162607e-010	
5.623706e-011	5.888743e+000	3.311656e-010	
5.888743e-011	5.888743e+000	3.467730e-010	
6.166271e-011	5.888743e+000	3.631159e-010	
6.456879e-011	5.888743e+000	3.802290e-010	
6.761182e-011	5.888743e+000	3.981487e-010	
7.079826e-011	5.888743e+000	4.169128e-010	
7.413489e-011	5.888743e+000	4.365613e-010	
7.762876e-011	5.888743e+000	4.571358e-010	
8.128728e-011	5.888743e+000	4.786799e-010	
8.511824e-011	5.888743e+000	5.012395e-010	
8.912974e-011	5.888743e+000	5.248622e-010	
9.333029e-011	5.888743e+000	5.495982e-010	
9.772881e-011	5.888743e+000	5.754999e-010	
1.023346e-010	5.888743e+000	6.026224e-010	
1.071575e-010	5.888743e+000	6.310231e-010	
1.122077e-010	5.888743e+000	6.607623e-010	
1.174959e-010	5.888743e+000	6.919031e-010	
1.230333e-010	5.888743e+000	7.245115e-010	
1.288317e-010	5.888743e+000	7.586566e-010	
1.349033e-010	5.888743e+000	7.944110e-010	
1.412611e-010	5.888743e+000	8.318505e-010	
1.479185e-010	5.888743e+000	8.710543e-010	
1.548897e-010	5.888743e+000	9.121059e-010	
1.621895e-010	5.888743e+000	9.550921e-010	
1.698332e-010	5.888743e+000	1.000104e-009	
1.778372e-010	5.888743e+000	1.047238e-009	
1.862184e-010	5.888743e+000	1.096592e-009	
1.949946e-010	5.888743e+000	1.148273e-009	
2.041844e-010	5.888743e+000	1.202390e-009	
2.138073e-010	5.888743e+000	1.259057e-009	
2.238838e-010	5.888743e+000	1.318394e-009	
2.344351e-010	5.888743e+000	1.380528e-009	
2.454837e-010	5.888743e+000	1.445590e-009	
2.570530e-010	5.888743e+000	1.513719e-009	
2.691675e-010	5.888743e+000	1.585058e-009	
2.818530e-010	5.888743e+000	1.659760e-009	
2.951363e-010	5.888743e+000	1.737982e-009	
3.090457e-010	5.888743e+000	1.819891e-009	
3.236105e-010	5.888743e+000	1.905659e-009	
3.388618e-010	5.888743e+000	1.995470e-009	
3.548319e-010	5.888743e+000	2.089514e-009	
3.715546e-010	5.888743e+000	2.187990e-009	
3.890654e-010	5.888743e+000	2.291106e-009	
4.074015e-010	5.888743e+000	2.399083e-009	
4.266018e-010	5.888743e+000	2.512148e-009	
4.467069e-010	5.888743e+000	2.630542e-009	
4.677595e-010	5.888743e+000	2.754516e-009	
4.898043e-010	5.888743e+000	2.884332e-009	
5.128881e-010	5.888743e+000	3.020267e-009	
5.370598e-010	5.888743e+000	3.162607e-009	
5.623706e-010	5.888743e+000	3.311656e-009	
5.888743e-010	5.888743e+000	3.467730e-009	
6.166271e-010	5.888743e+000	3.631159e-009	
6.456878e-010	5.888743e+000	3.802290e-009	
6.761182e-010	5.888743e+000	3.981487e-009	
7.079827e-010	5.888743e+000	4.169128e-009	
7.413489e-010	5.888743e+000	4.365613e-009	
7.762875e-010	5.888743e+000	4.571358e-009	
8.128729e-010	5.888743e+000	4.786800e-009	
8.511824e-010	5.888743e+000	5.012395e-009	
8.912974e-010	5.888743e+000	5.248622e-009	
9.333029e-010	5.888743e+000	5.495981e-009	
9.772881e-010	5.888743e+000	5.754999e-009	
1.023346e-009	5.888743e+000	6.026224e-009	
1.071575e-009	5.888743e+000	6.310231e-009	
1.122077e-009	5.888743e+000	6.607623e-009	
1.174959e-009	5.888743e+000	6.919031e-009	
1.230333e-009	5.888743e+000	7.245114e-009	
1.288317e-009	5.888743e+000	7.586566e-009	
1.349033e-009	5.888743e+000	7.944110e-009	
1.412611e-009	5.888743e+000	8.318505e-009	
1.479185e-009	5.888743e+000	8.710544e-009	
1.548897e-009	5.888743e+000	9.121059e-009	
1.621895e-009	5.888743e+000	9.550921e-009	
1.698332e-009	5.888743e+000	1.000104e-008	
1.778372e-009	5.888743e+000	1.047238e-008	
1.862184e-009	5.888743e+000	1.096592e-008	
1.949946e-009	5.888743e+000	1.148273e-008	
2.041844e-009	5.888743e+000	1.202390e-008	
2.138073e-009	5.888743e+000	1.259057e-008	
2.238838e-009	5.888743e+000	1.318394e-008	
2.344351e-009	5.888743e+000	1.380528e-008	
2.454837e-009	5.888743e+000	1.445590e-008	
2.570530e-009	5.888743e+000	1.513719e-008	
2.691675e-009	5.888743e+000	1.585058e-008	
2.818530e-009	5.888743e+000	1.659760e-008	
2.951363e-009	5.888743e+000	1.737982e-008	
3.090456e-009	5.888743e+000	1.819890e-008	
3.236105e-009	5.888743e+000	1.905659e-008	
3.388618e-009	5.888743e+000	1.995470e-008	
3.548319e-009	5.888743e+000	2.089514e-008	
3.715546e-009	5.888743e+000	2.187990e-008	
3.890654e-009	5.888743e+000	2.291106e-008	
4.074015e-009	5.888743e+000	2.399083e-008	
4.266017e-009	5.888743e+000	2.512148e-008	
4.467068e-009	5.888743e+000	2.630542e-008	
4.677595e-009	5.888743e+000	2.754516e-008	
4.898043e-009	5.888743e+000	2.884332e-008	
5.128881e-009	5.888743e+000	3.020266e-008	
5.370598e-009	5.888743e+000	3.162607e-008	
5.623706e-009	5.888743e+000	3.311656e-008	
5.888743e-009	5.888743e+000	3.467730e-008	
6.166271e-009	5.888743e+000	3.631159e-008	
6.456879e-009	5.888743e+000	3.802290e-008	
6.761182e-009	5.888743e+000	3.981486e-008	
7.079827e-009	5.888743e+000	4.169128e-008	
7.413488e-009	5.888743e+000	4.365613e-008	
7.762876e-009	5.888743e+000	4.571358e-008	
8.128729e-009	5.888743e+000	4.786800e-008	
8.511824e-009	5.888743e+000	5.012395e-008	
8.912973e-009	5.888743e+000	5.248621e-008	
9.333029e-009	5.888743e+000	5.495982e-008	
9.772881e-009	5.888743e+000	5.754999e-008	
1.023346e-008	5.888743e+000	6.026224e-008	
1.071575e-008	5.888743e+000	6.310231e-008	
1.122077e-008	5.888743e+000	6.607623e-008	
1.174959e-008	5.888743e+000	6.919031e-008	
1.230333e-008	5.888743e+000	7.245115e-008	
1.288317e-008	5.888743e+000	7.586566e-008	
1.349033e-008	5.888743e+000	7.944110e-008	
1.412611e-008	5.888743e+000	8.318504e-008	
1.479185e-008	5.888743e+000	8.710543e-008	
1.548897e-008	5.888743e+000	9.121059e-008	
1.621895e-008	5.888743e+000	9.550921e-008	
1.698332e-008	5.888743e+000	1.000104e-007	
1.778372e-008	5.888743e+000	1.047238e-007	
1.862184e-008	5.888743e+000	1.096592e-007	
1.949946e-008	5.888743e+000	1.148273e-007	
2.041844e-008	5.888743e+000	1.202390e-007	
2.138074e-008	5.888743e+000	1.259057e-007	
2.238838e-008	5.888743e+000	1.318394e-007	
2.344351e-008	5.888743e+000	1.380528e-007	
2.454837e-008	5.888743e+000	1.445590e-007	
2.570530e-008	5.888743e+000	1.513719e-007	
2.691675e-008	5.888743e+000	1.585058e-007	
2.818530e-008	5.888743e+000	1.659760e-007	
2.951363e-008	5.888743e+000	1.737982e-007	
3.090456e-008	5.888743e+000	1.819890e-007	
3.236105e-008	5.888743e+000	1.905659e-007	
3.388618e-008	5.888743e+000	1.995470e-007	
3.548319e-008	5.888743e+000	2.089514e-007	
3.715546e-008	5.888743e+000	2.187990e-007	
3.890654e-008	5.888743e+000	2.291106e-007	
4.074015e-008	5.888743e+000	2.399083e-007	
4.266018e-008	5.888743e+000	2.512148e-007	
4.467068e-008	5.888743e+000	2.630542e-007	
4.677595e-008	5.888743e+000	2.754516e-007	
4.898043e-008	5.888743e+000	2.884332e-007	
5.128881e-008	5.888743e+000	3.020266e-007	
5.370598e-008	5.888743e+000	3.162607e-007	
5.623706e-008	5.888743e+000	3.311656e-007	
5.888743e-008	5.888743e+000	3.467730e-007	
6.166271e-008	5.888743e+000	3.631159e-007	
6.456879e-008	5.888743e+000	3.802290e-007	
6.761182e-008	5.888743e+000	3.981487e-007	
7.079827e-008	5.888743e+000	4.169128e-007	
7.413489e-008	5.888743e+000	4.365613e-007	
7.762875e-008	5.888743e+000	4.571358e-007	
8.128728e-008	5.888743e+000	4.786799e-007	
8.511824e-008	5.888743e+000	5.012395e-007	
8.912973e-008	5.888743e+000	5.248621e-007	
9.333029e-008	5.888743e+000	5.495981e-007	
9.772882e-008	5.888743e+000	5.754999e-007	
1.023346e-007	5.888743e+000	6.026224e-007	
1.071575e-007	5.888743e+000	6.310231e-007	
1.122077e-007	5.888743e+000	6.607623e-007	
1.174959e-007	5.888743e+000	6.919030e-007	
1.230333e-007	5.888743e+000	7.245115e-007	
1.288317e-007	5.888743e+000	7.586567e-007	
1.349033e-007	5.888743e+000	7.944110e-007	
1.412611e-007	5.888743e+000	8.318504e-007	
1.479185e-007	5.888743e+000	8.710543e-007	
1.548897e-007	5.888743e+000	9.121059e-007	
1.621895e-007	5.888743e+000	9.550921e-007	
1.698332e-007	5.888743e+000	1.000104e-006	
1.778372e-007	5.888743e+000	1.047238e-006	
1.862184e-007	5.888743e+000	1.096592e-006	
1.949946e-007	5.888743e+000	1.148273e-006	
2.041844e-007	5.888743e+000	1.202390e-006	
2.138073e-007	5.888743e+000	1.259057e-006	
2.238838e-007	5.888743e+000	1.318394e-006	
2.344351e-007	5.888743e+000	1.380528e-006	
2.454837e-007	5.888743e+000	1.445590e-006	
2.570530e-007	5.888743e+000	1.513719e-006	
2.691675e-007	5.888743e+000	1.585058e-006	
2.818530e-007	5.888743e+000	1.659760e-006	
2.951363e-007	5.888743e+000	1.737982e-006	
3.090456e-007	5.888743e+000	1.819891e-006	
3.236105e-007	5.888743e+000	1.905659e-006	
3.388618e-007	5.888743e+000	1.995470e-006	
3.548319e-007	5.888743e+000	2.089514e-006	
3.715546e-007	5.888743e+000	2.187990e-006	
3.890654e-007	5.888743e+000	2.291106e-006	
4.074015e-007	5.888743e+000	2.399083e-006	
4.266017e-007	5.888743e+000	2.512148e-006	
4.467068e-007	5.888743e+000	2.630542e-006	
4.677595e-007	5.888743e+000	2.754516e-006	
4.898043e-007	5.888743e+000	2.884332e-006	
5.128881e-007	5.888743e+000	3.020266e-006	
5.370597e-007	5.888743e+000	3.162607e-006	
5.623706e-007	5.888743e+000	3.311656e-006	
5.888743e-007	5.888743e+000	3.467730e-006	
6.166271e-007	5.888743e+000	3.631159e-006	
6.456879e-007	5.888743e+000	3.802290e-006	
6.761182e-007	5.888743e+000	3.981487e-006	
7.079827e-007	5.888743e+000	4.169128e-006	
7.413489e-007	5.888743e+000	4.365613e-006	
7.762875e-007	5.888743e+000	4.571358e-006	
8.128729e-007	5.888743e+000	4.786800e-006	
8.511824e-007	5.888743e+000	5.012395e-006	
8.912974e-007	5.888743e+000	5.248621e-006	
9.333029e-007	5.888743e+000	5.495982e-006	
9.772881e-007	5.888743e+000	5.754999e-006	
1.023346e-006	5.888743e+000	6.026224e-006	
1.071575e-006	5.888743e+000	6.310231e-006	
1.122077e-006	5.888743e+000	6.607623e-006	
1.174959e-006	5.888743e+000	6.919031e-006	
1.230333e-006	5.888743e+000	7.245114e-006	
1.288317e-006	5.888743e+000	7.586566e-006	
1.349033e-006	5.888743e+000	7.944110e-006	
1.412611e-006	5.888743e+000	8.318505e-006	
1.479185e-006	5.888743e+000	8.710544e-006	
1.548897e-006	5.888743e+000	9.121059e-006	
1.621895e-006	5.888743e+000	9.550921e-006	
1.698332e-006	5.888743e+000	1.000104e-005	
1.778372e-006	5.888743e+000	1.047238e-005	
1.862184e-006	5.888743e+000	1.096592e-005	
1.949946e-006	5.888743e+000	1.148273e-005	
2.041844e-006	5.888743e+000	1.202390e-005	
2.138074e-006	5.888743e+000	1.259057e-005	
2.238838e-006	5.888743e+000	1.318394e-005	
2.344351e-006	5.888743e+000	1.380528e-005	
2.454837e-006	5.888743e+000	1.445590e-005	
2.570530e-006	5.888743e+000	1.513719e-005	
2.691675e-006	5.888743e+000	1.585058e-005	
2.818530e-006	5.888743e+000	1.659760e-005	
2.951363e-006	5.888743e+000	1.737982e-005	
3.090456e-006	5.888743e+000	1.819890e-005	
3.236105e-006	5.888743e+000	1.905659e-005	
3.388618e-006	5.888743e+000	1.995470e-005	
3.548319e-006	5.888743e+000	2.089514e-005	
3.715546e-006	5.888743e+000	2.187990e-005	
3.890654e-006	5.888743e+000	2.291106e-005	
4.074015e-006	5.888743e+000	2.399083e-005	
4.266017e-006	5.888743e+000	2.512148e-005	
4.467069e-006	5.888743e+000	2.630542e-005	
4.677595e-006	5.888743e+000	2.754516e-005	
4.898043e-006	5.888743e+000	2.884332e-005	
5.128881e-006	5.888743e+000	3.020267e-005	
5.370598e-006	5.888743e+000	3.162607e-005	
5.623706e-006	5.888743e+000	3.311656e-005	
5.888743e-006	5.888743e+000	3.467730e-005	
6.166271e-006	5.888743e+000	3.631159e-005	
6.456879e-006	5.888743e+000	3.802290e-005	
6.761182e-006	5.888743e+000	3.981486e-005	
7.079826e-006	5.888743e+000	4.169128e-005	
7.413489e-006	5.888743e+000	4.365613e-005	
7.762876e-006	5.888743e+000	4.571358e-005	
8.128729e-006	5.888743e+000	4.786800e-005	
8.511824e-006	5.888743e+000	5.012394e-005	
8.912973e-006	5.888743e+000	5.248621e-005	
9.333029e-006	5.888743e+000	5.495981e-005	
9.772882e-006	5.888743e+000	5.754999e-005	
1.023346e-005	5.888743e+000	6.026224e-005	
1.071575e-005	5.888743e+000	6.310231e-005	
1.122077e-005	5.888743e+000	6.607623e-005	
1.174959e-005	5.888743e+000	6.919031e-005	
1.230333e-005	5.888743e+000	7.245115e-005	
1.288317e-005	5.888743e+000	7.586566e-005	
1.349033e-005	5.888743e+000	7.944110e-005	
1.412611e-005	5.888743e+000	8.318505e-005	
1.479185e-005	5.888743e+000	8.710544e-005	
1.548897e-005	5.888743e+000	9.121059e-005	
1.621895e-005	5.888743e+000	9.550921e-005	
1.698332e-005	5.888743e+000	1.000104e-004	
1.778372e-005	5.888743e+000	1.047238e-004	
1.862184e-005	5.888743e+000	1.096593e-004	
1.949946e-005	5.888743e+000	1.148273e-004	
2.041844e-005	5.888743e+000	1.202390e-004	
2.138073e-005	5.888743e+000	1.259057e-004	
2.238838e-005	5.888743e+000	1.318394e-004	
2.344351e-005	5.888743e+000	1.380528e-004	
2.454837e-005	5.888743e+000	1.445590e-004	
2.570530e-005	5.888743e+000	1.513719e-004	
2.691675e-005	5.888743e+000	1.585058e-004	
2.818530e-005	5.888743e+000	1.659760e-004	
2.951363e-005	5.888743e+000	1.737982e-004	
3.090456e-005	5.888743e+000	1.819891e-004	
3.236105e-005	5.888743e+000	1.905659e-004	
3.388618e-005	5.888743e+000	1.995470e-004	
3.548319e-005	5.888743e+000	2.089514e-004	
3.715546e-005	5.888743e+000	2.187990e-004	
3.890654e-005	5.888743e+000	2.291106e-004	
4.074015e-005	5.888743e+000	2.399083e-004	
4.266017e-005	5.888743e+000	2.512148e-004	
4.467069e-005	5.888743e+000	2.630542e-004	
4.677595e-005	5.888743e+000	2.754516e-004	
4.898043e-005	5.888743e+000	2.884332e-004	
5.128881e-005	5.888743e+000	3.020266e-004	
5.370598e-005	5.888743e+000	3.162607e-004	
5.623706e-005	5.888743e+000	3.311656e-004	
5.888743e-005	5.888743e+000	3.467730e-004	
6.166271e-005	5.888743e+000	3.631159e-004	
6.456878e-005	5.888743e+000	3.802290e-004	
6.761182e-005	5.888743e+000	3.981487e-004	
7.079827e-005	5.888743e+000	4.169128e-004	
7.413488e-005	5.888743e+000	4.365613e-004	
7.762876e-005	5.888743e+000	4.571358e-004	
8.128729e-005	5.888743e+000	4.786800e-004	
8.511824e-005	5.888743e+000	5.012395e-004	
8.912974e-005	5.888743e+000	5.248622e-004	
9.333029e-005	5.888743e+000	5.495982e-004	
9.772881e-005	5.888743e+000	5.754999e-004	
1.023346e-004	5.888743e+000	6.026224e-004	
1.071575e-004	5.888743e+000	6.310231e-004	
1.122077e-004	5.888743e+000	6.607623e-004	
1.174959e-004	5.888743e+000	6.919031e-004	
1.230333e-004	5.888743e+000	7.245114e-004	
1.288317e-004	5.888743e+000	7.586567e-004	
1.349033e-004	5.888743e+000	7.944110e-004	
1.412611e-004	5.888743e+000	8.318505e-004	
1.479185e-004	5.888743e+000	8.710544e-004	
1.548897e-004	5.888743e+000	9.121059e-004	
1.621895e-004	5.888743e+000	9.550921e-004	
1.698332e-004	5.888743e+000	1.000104e-003	
1.778372e-004	5.888743e+000	1.047238e-003	
1.862184e-004	5.888743e+000	1.096592e-003	
1.949946e-004	5.888743e+000	1.148273e-003	
2.041844e-004	5.888743e+000	1.202390e-003	
2.138073e-004	5.888743e+000	1.259057e-003	
2.238838e-004	5.888743e+000	1.318394e-003	
2.344351e-004	5.888743e+000	1.380528e-003	
2.454837e-004	5.888743e+000	1.445590e-003	
2.570530e-004	5.888743e+000	1.513719e-003	
2.691675e-004	5.888743e+000	1.585058e-003	
2.818530e-004	5.888743e+000	1.659760e-003	
2.951363e-004	5.888743e+000	1.737982e-003	
3.090456e-004	5.888743e+000	1.819890e-003	
3.236105e-004	5.888743e+000	1.905659e-003	
3.388618e-004	5.888743e+000	1.995470e-003	
3.548319e-004	5.888743e+000	2.089514e-003	
3.715546e-004	5.888743e+000	2.187990e-003	
3.890654e-004	5.888743e+000	2.291106e-003	
4.074015e-004	5.888743e+000	2.399083e-003	
4.266017e-004	5.888743e+000	2.512148e-003	
4.467069e-004	5.888743e+000	2.630542e-003	
4.677595e-004	5.888743e+000	2.754516e-003	
4.898043e-004	5.888743e+000	2.884332e-003	
5.128881e-004	5.888743e+000	3.020266e-003	
5.370598e-004	5.888743e+000	3.162607e-003	
5.623706e-004	5.888743e+000	3.311656e-003	
5.888743e-004	5.888743e+000	3.467730e-003	
6.166271e-004	5.888743e+000	3.631159e-003	
6.456879e-004	5.888743e+000	3.802290e-003	
6.761182e-004	5.888743e+000	3.981487e-003	
7.079827e-004	5.888743e+000	4.169128e-003	
7.413488e-004	5.888743e+000	4.365613e-003	
7.762876e-004	5.888743e+000	4.571358e-003	
8.128728e-004	5.888743e+000	4.786800e-003	
8.511824e-004	5.888743e+000	5.012395e-003	
8.912974e-004	5.888743e+000	5.248621e-003	
9.333029e-004	5.888743e+000	5.495981e-003	
9.772881e-004	5.888743e+000	5.754999e-003	
1.023346e-003	5.888743e+000	6.026224e-003	
1.071575e-003	5.888743e+000	6.310231e-003	
1.122077e-003	5.888743e+000	6.607623e-003	
1.174959e-003	5.888743e+000	6.919031e-003	
1.230333e-003	5.888743e+000	7.245115e-003	
1.288317e-003	5.888743e+000	7.586566e-003	
1.349033e-003	5.888743e+000	7.944110e-003	
1.412611e-003	5.888743e+000	8.318504e-003	
1.479185e-003	5.888743e+000	8.710543e-003	
1.548897e-003	5.888743e+000	9.121058e-003	
1.621895e-003	5.888743e+000	9.550921e-003	
1.698332e-003	5.888743e+000	1.000104e-002	
1.778372e-003	5.888743e+000	1.047238e-002	
1.862184e-003	5.888743e+000	1.096592e-002	
1.949946e-003	5.888743e+000	1.148273e-002	
2.041844e-003	5.888743e+000	1.202390e-002	
2.138074e-003	5.888743e+000	1.259057e-002	
2.238838e-003	5.888743e+000	1.318394e-002	
2.344351e-003	5.888743e+000	1.380528e-002	
2.454837e-003	5.888743e+000	1.445590e-002	
2.570530e-003	5.888743e+000	1.513719e-002	
2.691675e-003	5.888743e+000	1.585058e-002	
2.818530e-003	5.888743e+000	1.659760e-002	
2.951363e-003	5.888743e+000	1.737982e-002	
3.090456e-003	5.888743e+000	1.819890e-002	
3.236105e-003	5.888743e+000	1.905659e-002	
3.388618e-003	5.888743e+000	1.995470e-002	
3.548319e-003	5.888743e+000	2.089514e-002	
3.715546e-003	5.888743e+000	2.187990e-002	
3.890654e-003	5.888743e+000	2.291106e-002	
4.074015e-003	5.888743e+000	2.399083e-002	
4.266018e-003	5.888743e+000	2.512148e-002	
4.467069e-003	5.888743e+000	2.630542e-002	
4.677595e-003	5.888743e+000	2.754516e-002	
4.898043e-003	5.888743e+000	2.884332e-002	
5.128881e-003	5.888743e+000	3.020266e-002	
5.370598e-003	5.888743e+000	3.162607e-002	
5.623706e-003	5.888743e+000	3.311656e-002	
5.888743e-003	5.888743e+000	3.467730e-002	
6.166271e-003	5.888743e+000	3.631159e-002	
6.456879e-003	5.888743e+000	3.802290e-002	
6.761182e-003	5.888743e+000	3.981486e-002	
7.079827e-003	5.888743e+000	4.169128e-002	
7.413488e-003	5.888743e+000	4.365613e-002	
7.762875e-003	5.888743e+000	4.571358e-002	
8.128729e-003	5.888743e+000	4.786800e-002	
8.511824e-003	5.888743e+000	5.012395e-002	
8.912973e-003	5.888743e+000	5.248621e-002	
9.333029e-003	5.888743e+000	5.495982e-002	
9.772881e-003	5.888743e+000	5.754999e-002	
1.023346e-002	5.888743e+000	6.026224e-002	
1.071575e-002	5.888743e+000	6.310230e-002	
1.122077e-002	5.888743e+000	6.607622e-002	
1.174959e-002	5.888743e+000	6.919030e-002	
1.230333e-002	5.888743e+000	7.245114e-002	
1.288317e-002	5.888743e+000	7.586565e-002	
1.349033e-002	5.888743e+000	7.944109e-002	
1.412611e-002	5.888743e+000	8.318504e-002	
1.479185e-002	5.888743e+000	8.710542e-002	
1.548897e-002	5.888743e+000	9.121058e-002	
1.621895e-002	5.888743e+000	9.550920e-002	
1.698332e-002	5.888743e+000	1.000104e-001	
1.778372e-002	5.888743e+000	1.047238e-001	
1.862184e-002	5.888743e+000	1.096592e-001	
1.949946e-002	5.888743e+000	1.148273e-001	
2.041844e-002	5.888743e+000	1.202390e-001	
2.138073e-002	5.888743e+000	1.259056e-001	
2.238838e-002	5.888743e+000	1.318394e-001	
2.344351e-002	5.888743e+000	1.380528e-001	
2.454837e-002	5.888743e+000	1.445590e-001	
2.570529e-002	5.888743e+000	1.513719e-001	
2.691675e-002	5.888743e+000	1.585058e-001	
2.818529e-002	5.888743e+000	1.659760e-001	
2.951363e-002	5.888743e+000	1.737982e-001	
3.090456e-002	5.888743e+000	1.819890e-001	
3.236105e-002	5.888743e+000	1.905659e-001	
3.388618e-002	5.888743e+000	1.995470e-001	
3.548319e-002	5.888743e+000	2.089514e-001	
3.715546e-002	5.888743e+000	2.187989e-001	
3.890654e-002	5.888743e+000	2.291106e-001	
4.074015e-002	5.888743e+000	2.399083e-001	
4.266017e-002	5.888743e+000	2.512148e-001	
4.467068e-002	5.888743e+000	2.630542e-001	
4.677594e-002	5.888743e+000	2.754515e-001	
4.898043e-002	5.888742e+000	2.884331e-001	
5.128881e-002	5.888742e+000	3.020266e-001	
5.370597e-002	5.888742e+000	3.162606e-001	
5.623705e-002	5.888742e+000	3.311655e-001	
5.888743e-002	5.888742e+000	3.467729e-001	
6.166270e-002	5.888742e+000	3.631158e-001	
6.456878e-002	5.888742e+000	3.802289e-001	
6.761181e-002	5.888742e+000	3.981485e-001	
7.079826e-002	5.888742e+000	4.169127e-001	
7.413487e-002	5.888742e+000	4.365612e-001	
7.762874e-002	5.888742e+000	4.571357e-001	
8.128727e-002	5.888742e+000	4.786798e-001	
8.511822e-002	5.888742e+000	5.012392e-001	
8.912972e-002	5.888742e+000	5.248619e-001	
9.333027e-002	5.888742e+000	5.495979e-001	
9.772879e-002	5.888742e+000	5.754996e-001	
1.023346e-001	5.888742e+000	6.026221e-001	
1.071575e-001	5.888742e+000	6.310228e-001	
1.122077e-001	5.888742e+000	6.607620e-001	
1.174958e-001	5.888742e+000	6.919027e-001	
1.230333e-001	5.888741e+000	7.245110e-001	
1.288316e-001	5.888741e+000	7.586561e-001	
1.349033e-001	5.888741e+000	7.944106e-001	
1.412611e-001	5.888741e+000	8.318499e-001	
1.479185e-001	5.888741e+000	8.710538e-001	
1.548897e-001	5.888741e+000	9.121052e-001	
1.621894e-001	5.888741e+000	9.550913e-001	
1.698332e-001	5.888741e+000	1.000103e+000	
1.778371e-001	5.888741e+000	1.047237e+000	
1.862183e-001	5.888741e+000	1.096592e+000	
1.949945e-001	5.888741e+000	1.148272e+000	
2.041843e-001	5.888741e+000	1.202389e+000	
2.138072e-001	5.888741e+000	1.259055e+000	
2.238837e-001	5.888741e+000	1.318393e+000	
2.344350e-001	5.888740e+000	1.380527e+000	
2.454835e-001	5.888740e+000	1.445589e+000	
2.570528e-001	5.888740e+000	1.513717e+000	
2.691673e-001	5.888740e+000	1.585056e+000	
2.818528e-001	5.888740e+000	1.659758e+000	
2.951361e-001	5.888740e+000	1.737980e+000	
3.090454e-001	5.888739e+000	1.819888e+000	
3.236103e-001	5.888739e+000	1.905656e+000	
3.388616e-001	5.888739e+000	1.995467e+000	
3.548316e-001	5.888739e+000	2.089511e+000	
3.715543e-001	5.888739e+000	2.187986e+000	
3.890651e-001	5.888738e+000	2.291102e+000	
4.074011e-001	5.888738e+000	2.399078e+000	
4.266013e-001	5.888738e+000	2.512143e+000	
4.467064e-001	5.888737e+000	2.630537e+000	
4.677590e-001	5.888737e+000	2.754510e+000	
4.898038e-001	5.888737e+000	2.884326e+000	
5.128875e-001	5.888737e+000	3.020260e+000	
5.370591e-001	5.888736e+000	3.162600e+000	
5.623699e-001	5.888736e+000	3.311648e+000	
5.888736e-001	5.888736e+000	3.467721e+000	
6.166263e-001	5.888735e+000	3.631149e+000	
6.456869e-001	5.888735e+000	3.802279e+000	
6.761172e-001	5.888734e+000	3.981474e+000	
7.079815e-001	5.888734e+000	4.169115e+000	
7.413476e-001	5.888733e+000	4.365598e+000	
7.762862e-001	5.888733e+000	4.571342e+000	
8.128714e-001	5.888732e+000	4.786782e+000	
8.511807e-001	5.888732e+000	5.012375e+000	
8.912956e-001	5.888731e+000	5.248601e+000	
9.333010e-001	5.888731e+000	5.495958e+000	
9.772860e-001	5.888731e+000	5.754974e+000	
1.023344e+000	5.888730e+000	6.026196e+000	
1.071573e+000	5.888729e+000	6.310200e+000	
1.122074e+000	5.888729e+000	6.607590e+000	
1.174956e+000	5.888728e+000	6.918994e+000	
1.230330e+000	5.888727e+000	7.245075e+000	
1.288313e+000	5.888726e+000	7.586522e+000	
1.349029e+000	5.888726e+000	7.944062e+000	
1.412607e+000	5.888725e+000	8.318452e+000	
1.479181e+000	5.888724e+000	8.710486e+000	
1.548892e+000	5.888723e+000	9.120995e+000	
1.621889e+000	5.888722e+000	9.550852e+000	
1.698326e+000	5.888721e+000	1.000097e+001	
1.778365e+000	5.888720e+000	1.047229e+001	
1.862176e+000	5.888719e+000	1.096583e+001	
1.949938e+000	5.888718e+000	1.148263e+001	
2.041835e+000	5.888717e+000	1.202379e+001	
2.138063e+000	5.888715e+000	1.259045e+001	
2.238827e+000	5.888714e+000	1.318381e+001	
2.344339e+000	5.888712e+000	1.380514e+001	
2.454823e+000	5.888711e+000	1.445574e+001	
2.570515e+000	5.888710e+000	1.513702e+001	
2.691659e+000	5.888708e+000	1.585039e+001	
2.818512e+000	5.888706e+000	1.659739e+001	
2.951344e+000	5.888705e+000	1.737959e+001	
3.090435e+000	5.888703e+000	1.819865e+001	
3.236082e+000	5.888701e+000	1.905632e+001	
3.388592e+000	5.888699e+000	1.995440e+001	
3.548291e+000	5.888697e+000	2.089481e+001	
3.715515e+000	5.888694e+000	2.187953e+001	
3.890620e+000	5.888692e+000	2.291067e+001	
4.073978e+000	5.888690e+000	2.399039e+001	
4.265977e+000	5.888687e+000	2.512100e+001	
4.467024e+000	5.888685e+000	2.630490e+001	
4.677547e+000	5.888682e+000	2.754458e+001	
4.897990e+000	5.888679e+000	2.884269e+001	
5.128822e+000	5.888676e+000	3.020197e+001	
5.370533e+000	5.888673e+000	3.162531e+001	
5.623636e+000	5.888669e+000	3.311573e+001	
5.888666e+000	5.888666e+000	3.467639e+001	
6.166186e+000	5.888662e+000	3.631059e+001	
6.456786e+000	5.888659e+000	3.802181e+001	
6.761080e+000	5.888655e+000	3.981366e+001	
7.079715e+000	5.888650e+000	4.168997e+001	
7.413366e+000	5.888646e+000	4.365469e+001	
7.762741e+000	5.888641e+000	4.571200e+001	
8.128581e+000	5.888637e+000	4.786626e+001	
8.511662e+000	5.888631e+000	5.012204e+001	
8.912796e+000	5.888626e+000	5.248412e+001	
9.332835e+000	5.888621e+000	5.495753e+001	
9.772668e+000	5.888615e+000	5.754748e+001	
1.023323e+001	5.888609e+000	6.025949e+001	
1.071550e+001	5.888603e+000	6.309929e+001	
1.122049e+001	5.888596e+000	6.607292e+001	
1.174928e+001	5.888589e+000	6.918668e+001	
1.230299e+001	5.888582e+000	7.244717e+001	
1.288280e+001	5.888574e+000	7.586130e+001	
1.348993e+001	5.888566e+000	7.943632e+001	
1.412567e+001	5.888558e+000	8.317980e+001	
1.479137e+001	5.888549e+000	8.709968e+001	
1.548844e+001	5.888540e+000	9.120428e+001	
1.621836e+001	5.888530e+000	9.550230e+001	
1.698268e+001	5.888520e+000	1.000028e+002	
1.778301e+001	5.888510e+000	1.047155e+002	
1.862107e+001	5.888499e+000	1.096501e+002	
1.949861e+001	5.888487e+000	1.148173e+002	
2.041751e+001	5.888475e+000	1.202280e+002	
2.137971e+001	5.888462e+000	1.258936e+002	
2.238726e+001	5.888449e+000	1.318262e+002	
2.344228e+001	5.888435e+000	1.380383e+002	
2.454702e+001	5.888421e+000	1.445432e+002	
2.570382e+001	5.888405e+000	1.513545e+002	
2.691513e+001	5.888389e+000	1.584868e+002	
2.818352e+001	5.888372e+000	1.659551e+002	
2.951168e+001	5.888355e+000	1.737753e+002	
3.090243e+001	5.888337e+000	1.819639e+002	
3.235871e+001	5.888318e+000	1.905384e+002	
3.388361e+001	5.888298e+000	1.995168e+002	
3.548037e+001	5.888277e+000	2.089183e+002	
3.715237e+001	5.888254e+000	2.187626e+002	
3.890316e+001	5.888231e+000	2.290708e+002	
4.073644e+001	5.888207e+000	2.398646e+002	
4.265611e+001	5.888182e+000	2.511669e+002	
4.466622e+001	5.888155e+000	2.630016e+002	
4.677106e+001	5.888127e+000	2.753939e+002	
4.897507e+001	5.888098e+000	2.883700e+002	
5.128292e+001	5.888067e+000	3.019573e+002	
5.369952e+001	5.888035e+000	3.161847e+002	
5.622998e+001	5.888002e+000	3.310822e+002	
5.887967e+001	5.887967e+000	3.466815e+002	
6.165419e+001	5.887930e+000	3.630156e+002	
6.455944e+001	5.887891e+000	3.801190e+002	
6.760157e+001	5.887851e+000	3.980280e+002	
7.078703e+001	5.887808e+000	4.167804e+002	
7.412256e+001	5.887764e+000	4.364161e+002	
7.761523e+001	5.887717e+000	4.569766e+002	
8.127245e+001	5.887669e+000	4.785053e+002	
8.510196e+001	5.887617e+000	5.010478e+002	
8.911188e+001	5.887564e+000	5.246519e+002	
9.331070e+001	5.887507e+000	5.493674e+002	
9.770732e+001	5.887448e+000	5.752468e+002	
1.023110e+002	5.887386e+000	6.023446e+002	
1.071316e+002	5.887321e+000	6.307183e+002	
1.121793e+002	5.887252e+000	6.604277e+002	
1.174647e+002	5.887181e+000	6.915359e+002	
1.229991e+002	5.887105e+000	7.241084e+002	
1.287941e+002	5.887026e+000	7.582142e+002	
1.348621e+002	5.886942e+000	7.939252e+002	
1.412158e+002	5.886855e+000	8.313169e+002	
1.478688e+002	5.886762e+000	8.704683e+002	
1.548351e+002	5.886665e+000	9.114621e+002	
1.621294e+002	5.886562e+000	9.543846e+002	
1.697672e+002	5.886453e+000	9.993265e+002	
1.777646e+002	5.886338e+000	1.046382e+003	
1.861385e+002	5.886216e+000	1.095651e+003	
1.949066e+002	5.886086e+000	1.147237e+003	
2.040875e+002	5.885949e+000	1.201249e+003	
2.137005e+002	5.885801e+000	1.257799e+003	
2.237659e+002	5.885643e+000	1.317006e+003	
2.343049e+002	5.885474e+000	1.378996e+003	
2.453397e+002	5.885290e+000	1.443895e+003	
2.568935e+002	5.885090e+000	1.511841e+003	
2.689904e+002	5.884870e+000	1.582974e+003	
2.816559e+002	5.884627e+000	1.657440e+003	
2.949163e+002	5.884355e+000	1.735392e+003	
3.087991e+002	5.884046e+000	1.816988e+003	
3.233329e+002	5.883691e+000	1.902391e+003	
3.385472e+002	5.883276e+000	1.991767e+003	
3.544727e+002	5.882783e+000	2.085286e+003	
3.711406e+002	5.882183e+000	2.183117e+003	
3.885827e+002	5.881437e+000	2.285425e+003	
4.068304e+002	5.880489e+000	2.392362e+003	
4.259143e+002	5.879254e+000	2.504058e+003	
4.458619e+002	5.877604e+000	2.620600e+003	
4.666953e+002	5.875346e+000	2.741997e+003	
4.884264e+002	5.872177e+000	2.868126e+003	
5.110481e+002	5.867618e+000	2.998635e+003	
5.345201e+002	5.860897e+000	3.132767e+003	
5.587430e+002	5.850758e+000	3.269070e+003	
5.835151e+002	5.835151e+000	3.404899e+003	
6.084666e+002	5.810811e+000	3.535685e+003	
6.329880e+002	5.772919e+000	3.654188e+003	
6.562255e+002	5.715485e+000	3.750647e+003	
6.772661e+002	5.633254e+000	3.815212e+003	
6.954915e+002	5.524486e+000	3.842233e+003	
7.107993e+002	5.391964e+000	3.832604e+003	
7.234952e+002	5.241260e+000	3.792026e+003	
7.340425e+002	5.078333e+000	3.727713e+003	
7.428886e+002	4.908216e+000	3.646258e+003	
7.504011e+002	4.734711e+000	3.552933e+003	
7.568633e+002	4.560553e+000	3.451715e+003	
7.624888e+002	4.387665e+000	3.345546e+003	
7.674386e+002	4.217389e+000	3.236587e+003	
7.718355e+002	4.050651e+000	3.126436e+003	
7.757756e+002	3.888088e+000	3.016284e+003	
7.793459e+002	3.730184e+000	2.907104e+003	
7.869242e+002	3.596937e+000	2.830517e+003	
7.965499e+002	3.477067e+000	2.769657e+003	
8.058834e+002	3.359481e+000	2.707350e+003	
8.149317e+002	3.244302e+000	2.643884e+003	
8.237012e+002	3.131624e+000	2.579523e+003	
8.321979e+002	3.021528e+000	2.514509e+003	
8.393840e+002	2.910454e+000	2.442988e+003	
8.415451e+002	2.786618e+000	2.345065e+003	
8.435016e+002	2.667386e+000	2.249944e+003	
8.453155e+002	2.552812e+000	2.157932e+003	
8.470051e+002	2.442790e+000	2.069055e+003	
8.485831e+002	2.337192e+000	1.983301e+003	
8.500597e+002	2.235885e+000	1.900636e+003	
8.514438e+002	2.138730e+000	1.821008e+003	
8.527430e+002	2.045588e+000	1.744361e+003	
8.539642e+002	1.956319e+000	1.670626e+003	
8.551133e+002	1.870784e+000	1.599732e+003	
8.561957e+002	1.788846e+000	1.531603e+003	
8.572164e+002	1.710371e+000	1.466158e+003	
8.581796e+002	1.635227e+000	1.403319e+003	
8.590892e+002	1.563285e+000	1.343002e+003	
8.599492e+002	1.494420e+000	1.285125e+003	
8.607625e+002	1.428510e+000	1.229608e+003	
8.615324e+002	1.365437e+000	1.176368e+003	
8.622616e+002	1.305086e+000	1.125325e+003	
8.629526e+002	1.247346e+000	1.076401e+003	
8.636080e+002	1.192111e+000	1.029517e+003	
8.642300e+002	1.139277e+000	9.845975e+002	
8.648207e+002	1.088745e+000	9.415690e+002	
8.653821e+002	1.040418e+000	9.003592e+002	
8.659163e+002	9.942049e-001	8.608983e+002	
8.664257e+002	9.500169e-001	8.231190e+002	
8.669130e+002	9.077694e-001	7.869571e+002	
8.673849e+002	8.673849e-001	7.523566e+002	
8.680272e+002	8.289595e-001	7.195594e+002	
8.705104e+002	7.939149e-001	6.911112e+002	
8.728937e+002	7.602586e-001	6.636249e+002	
8.751802e+002	7.279432e-001	6.370815e+002	
8.773736e+002	6.969226e-001	6.114615e+002	
8.794771e+002	6.671516e-001	5.867445e+002	
8.814940e+002	6.385859e-001	5.629096e+002	
8.834276e+002	6.111826e-001	5.399356e+002	
8.852811e+002	5.848994e-001	5.178004e+002	
8.870574e+002	5.596954e-001	4.964820e+002	
8.887596e+002	5.355306e-001	4.759580e+002	
8.903905e+002	5.123662e-001	4.562060e+002	
8.919528e+002	4.901645e-001	4.372036e+002	
8.934493e+002	4.688888e-001	4.189284e+002	
8.948824e+002	4.485036e-001	4.013580e+002	
8.962548e+002	4.289745e-001	3.844705e+002	
8.975689e+002	4.102681e-001	3.682439e+002	
8.988270e+002	3.923522e-001	3.526567e+002	
9.000313e+002	3.751955e-001	3.376877e+002	
9.011840e+002	3.587678e-001	3.233158e+002	
9.022872e+002	3.430400e-001	3.095206e+002	
9.033430e+002	3.279840e-001	2.962820e+002	
9.043533e+002	3.135726e-001	2.835804e+002	
9.053199e+002	2.997796e-001	2.713964e+002	
9.062448e+002	2.865798e-001	2.597114e+002	
9.071295e+002	2.739487e-001	2.485070e+002	
9.079758e+002	2.618631e-001	2.377653e+002	
9.087854e+002	2.503003e-001	2.274692e+002	
9.095596e+002	2.392386e-001	2.176017e+002	
9.103002e+002	2.286571e-001	2.081466e+002	
9.110083e+002	2.185357e-001	1.990878e+002	
9.116855e+002	2.088551e-001	1.904102e+002	
9.123331e+002	1.995967e-001	1.820987e+002	
9.129522e+002	1.907427e-001	1.741390e+002	
9.135441e+002	1.822760e-001	1.665172e+002	
9.141101e+002	1.741801e-001	1.592198e+002	
9.146512e+002	1.664391e-001	1.522338e+002	
9.151684e+002	1.590380e-001	1.455466e+002	
9.156628e+002	1.519622e-001	1.391461e+002	
9.161354e+002	1.451977e-001	1.330207e+002	
9.165872e+002	1.387311e-001	1.271591e+002	
9.170189e+002	1.325496e-001	1.215504e+002	
9.174316e+002	1.266408e-001	1.161843e+002	
9.178260e+002	1.209930e-001	1.110505e+002	
9.182029e+002	1.155949e-001	1.061396e+002	
9.185631e+002	1.104356e-001	1.014420e+002	
9.189073e+002	1.055047e-001	9.694902e+001	
9.192363e+002	1.007923e-001	9.265190e+001	
9.195507e+002	9.628877e-002	8.854240e+001	
9.198510e+002	9.198510e-002	8.461259e+001	
9.201380e+002	8.787250e-002	8.085482e+001	
9.204122e+002	8.394259e-002	7.726179e+001	
9.206743e+002	8.018738e-002	7.382646e+001	
9.209246e+002	7.659917e-002	7.054206e+001	
9.211638e+002	7.317065e-002	6.740215e+001	
9.213924e+002	6.989476e-002	6.440050e+001	
9.216107e+002	6.676479e-002	6.153115e+001	
9.218193e+002	6.377432e-002	5.878840e+001	
9.220186e+002	6.091717e-002	5.616676e+001	
9.222084e+002	5.818741e-002	5.366092e+001	
9.223801e+002	5.557889e-002	5.126486e+001	
9.224992e+002	5.308429e-002	4.897022e+001	
9.225704e+002	5.069901e-002	4.677341e+001	
9.226207e+002	4.841982e-002	4.467313e+001	
9.226612e+002	4.624260e-002	4.266625e+001	
9.226959e+002	4.416300e-002	4.074902e+001	
9.227267e+002	4.217675e-002	3.891761e+001	
9.227547e+002	4.027971e-002	3.716829e+001	
9.227804e+002	3.846789e-002	3.549741e+001	
9.228042e+002	3.673750e-002	3.390152e+001	
9.228264e+002	3.508488e-002	3.237725e+001	
9.228472e+002	3.350656e-002	3.092143e+001	
9.228667e+002	3.199919e-002	2.953099e+001	
9.228851e+002	3.055960e-002	2.820300e+001	
9.229025e+002	2.918474e-002	2.693467e+001	
9.229189e+002	2.787171e-002	2.572333e+001	
9.229345e+002	2.661772e-002	2.456641e+001	
9.229493e+002	2.542013e-002	2.346149e+001	
9.229633e+002	2.427641e-002	2.240623e+001	
9.229766e+002	2.318412e-002	2.139840e+001	
9.229891e+002	2.214097e-002	2.043587e+001	
9.230012e+002	2.114473e-002	1.951661e+001	
9.230126e+002	2.019331e-002	1.863868e+001	
9.230234e+002	1.928469e-002	1.780022e+001	
9.230338e+002	1.841694e-002	1.699946e+001	
9.230436e+002	1.758823e-002	1.623470e+001	
9.230529e+002	1.679680e-002	1.550434e+001	
9.230618e+002	1.604098e-002	1.480681e+001	
9.230703e+002	1.531915e-002	1.414066e+001	
9.230784e+002	1.462981e-002	1.350446e+001	
9.230861e+002	1.397147e-002	1.289687e+001	
9.230935e+002	1.334276e-002	1.231662e+001	
9.231005e+002	1.274233e-002	1.176246e+001	
9.231072e+002	1.216892e-002	1.123322e+001	
9.231135e+002	1.162131e-002	1.072779e+001	
9.231196e+002	1.109834e-002	1.024509e+001	
9.231254e+002	1.059890e-002	9.784112e+000	
9.231309e+002	1.012193e-002	9.343866e+000	
9.231362e+002	9.666423e-003	8.923426e+000	
9.231412e+002	9.231413e-003	8.521898e+000	
