V(out)	I(R1)	power

% Ifail is 1% of Iphoto
%Step Information: Ifailure=58.89m  (Run: 1/6)
5.884041e-020	5.884041e+000	3.462194e-019	
6.161347e-020	5.884041e+000	3.625362e-019	
6.451722e-020	5.884041e+000	3.796220e-019	
6.755782e-020	5.884041e+000	3.975130e-019	
7.074173e-020	5.884041e+000	4.162472e-019	
7.407568e-020	5.884041e+000	4.358644e-019	
7.756676e-020	5.884041e+000	4.564060e-019	
8.122237e-020	5.884041e+000	4.779157e-019	
8.505026e-020	5.884041e+000	5.004392e-019	
8.905856e-020	5.884041e+000	5.240242e-019	
9.325576e-020	5.884041e+000	5.487207e-019	
9.765077e-020	5.884041e+000	5.745811e-019	
1.022529e-019	5.884041e+000	6.016603e-019	
1.070719e-019	5.884041e+000	6.300157e-019	
1.121181e-019	5.884041e+000	6.597074e-019	
1.174020e-019	5.884041e+000	6.907984e-019	
1.229350e-019	5.884041e+000	7.233548e-019	
1.287288e-019	5.884041e+000	7.574454e-019	
1.347956e-019	5.884041e+000	7.931427e-019	
1.411483e-019	5.884041e+000	8.305224e-019	
1.478004e-019	5.884041e+000	8.696637e-019	
1.547660e-019	5.884041e+000	9.106497e-019	
1.620599e-019	5.884041e+000	9.535673e-019	
1.696976e-019	5.884041e+000	9.985075e-019	
1.776952e-019	5.884041e+000	1.045566e-018	
1.860697e-019	5.884041e+000	1.094842e-018	
1.948389e-019	5.884041e+000	1.146440e-018	
2.040214e-019	5.884041e+000	1.200470e-018	
2.136366e-019	5.884041e+000	1.257047e-018	
2.237050e-019	5.884041e+000	1.316289e-018	
2.342479e-019	5.884041e+000	1.378324e-018	
2.452876e-019	5.884041e+000	1.443282e-018	
2.568477e-019	5.884041e+000	1.511302e-018	
2.689526e-019	5.884041e+000	1.582528e-018	
2.816279e-019	5.884041e+000	1.657110e-018	
2.949006e-019	5.884041e+000	1.735207e-018	
3.087989e-019	5.884041e+000	1.816985e-018	
3.233521e-019	5.884041e+000	1.902617e-018	
3.385912e-019	5.884041e+000	1.992285e-018	
3.545485e-019	5.884041e+000	2.086178e-018	
3.712579e-019	5.884041e+000	2.184496e-018	
3.887547e-019	5.884041e+000	2.287449e-018	
4.070762e-019	5.884041e+000	2.395253e-018	
4.262611e-019	5.884041e+000	2.508137e-018	
4.463501e-019	5.884041e+000	2.626342e-018	
4.673859e-019	5.884041e+000	2.750118e-018	
4.894132e-019	5.884041e+000	2.879727e-018	
5.124785e-019	5.884041e+000	3.015444e-018	
5.366309e-019	5.884041e+000	3.157558e-018	
5.619215e-019	5.884041e+000	3.306369e-018	
5.884041e-019	5.884041e+000	3.462194e-018	
6.161347e-019	5.884041e+000	3.625362e-018	
6.451722e-019	5.884041e+000	3.796220e-018	
6.755783e-019	5.884041e+000	3.975130e-018	
7.074173e-019	5.884041e+000	4.162472e-018	
7.407568e-019	5.884041e+000	4.358643e-018	
7.756676e-019	5.884041e+000	4.564060e-018	
8.122237e-019	5.884041e+000	4.779158e-018	
8.505027e-019	5.884041e+000	5.004392e-018	
8.905856e-019	5.884041e+000	5.240242e-018	
9.325576e-019	5.884041e+000	5.487207e-018	
9.765077e-019	5.884041e+000	5.745811e-018	
1.022529e-018	5.884041e+000	6.016603e-018	
1.070719e-018	5.884041e+000	6.300157e-018	
1.121181e-018	5.884041e+000	6.597074e-018	
1.174020e-018	5.884041e+000	6.907984e-018	
1.229350e-018	5.884041e+000	7.233548e-018	
1.287288e-018	5.884041e+000	7.574454e-018	
1.347956e-018	5.884041e+000	7.931427e-018	
1.411483e-018	5.884041e+000	8.305224e-018	
1.478004e-018	5.884041e+000	8.696637e-018	
1.547660e-018	5.884041e+000	9.106497e-018	
1.620599e-018	5.884041e+000	9.535673e-018	
1.696976e-018	5.884041e+000	9.985076e-018	
1.776952e-018	5.884041e+000	1.045566e-017	
1.860697e-018	5.884041e+000	1.094842e-017	
1.948389e-018	5.884041e+000	1.146440e-017	
2.040214e-018	5.884041e+000	1.200470e-017	
2.136366e-018	5.884041e+000	1.257046e-017	
2.237050e-018	5.884041e+000	1.316289e-017	
2.342479e-018	5.884041e+000	1.378324e-017	
2.452877e-018	5.884041e+000	1.443283e-017	
2.568477e-018	5.884041e+000	1.511302e-017	
2.689525e-018	5.884041e+000	1.582528e-017	
2.816279e-018	5.884041e+000	1.657110e-017	
2.949006e-018	5.884041e+000	1.735207e-017	
3.087988e-018	5.884041e+000	1.816985e-017	
3.233521e-018	5.884041e+000	1.902617e-017	
3.385912e-018	5.884041e+000	1.992284e-017	
3.545485e-018	5.884041e+000	2.086178e-017	
3.712579e-018	5.884041e+000	2.184497e-017	
3.887547e-018	5.884041e+000	2.287449e-017	
4.070762e-018	5.884041e+000	2.395253e-017	
4.262611e-018	5.884041e+000	2.508137e-017	
4.463501e-018	5.884041e+000	2.626342e-017	
4.673860e-018	5.884041e+000	2.750118e-017	
4.894132e-018	5.884041e+000	2.879727e-017	
5.124785e-018	5.884041e+000	3.015444e-017	
5.366309e-018	5.884041e+000	3.157558e-017	
5.619215e-018	5.884041e+000	3.306369e-017	
5.884041e-018	5.884041e+000	3.462194e-017	
6.161347e-018	5.884041e+000	3.625362e-017	
6.451723e-018	5.884041e+000	3.796220e-017	
6.755783e-018	5.884041e+000	3.975130e-017	
7.074173e-018	5.884041e+000	4.162472e-017	
7.407569e-018	5.884041e+000	4.358644e-017	
7.756676e-018	5.884041e+000	4.564060e-017	
8.122237e-018	5.884041e+000	4.779157e-017	
8.505026e-018	5.884041e+000	5.004392e-017	
8.905856e-018	5.884041e+000	5.240242e-017	
9.325576e-018	5.884041e+000	5.487207e-017	
9.765077e-018	5.884041e+000	5.745811e-017	
1.022529e-017	5.884041e+000	6.016603e-017	
1.070719e-017	5.884041e+000	6.300157e-017	
1.121181e-017	5.884041e+000	6.597074e-017	
1.174021e-017	5.884041e+000	6.907985e-017	
1.229350e-017	5.884041e+000	7.233548e-017	
1.287288e-017	5.884041e+000	7.574454e-017	
1.347956e-017	5.884041e+000	7.931427e-017	
1.411483e-017	5.884041e+000	8.305224e-017	
1.478004e-017	5.884041e+000	8.696637e-017	
1.547660e-017	5.884041e+000	9.106497e-017	
1.620599e-017	5.884041e+000	9.535673e-017	
1.696976e-017	5.884041e+000	9.985076e-017	
1.776952e-017	5.884041e+000	1.045566e-016	
1.860697e-017	5.884041e+000	1.094842e-016	
1.948389e-017	5.884041e+000	1.146440e-016	
2.040214e-017	5.884041e+000	1.200470e-016	
2.136366e-017	5.884041e+000	1.257047e-016	
2.237050e-017	5.884041e+000	1.316289e-016	
2.342479e-017	5.884041e+000	1.378324e-016	
2.452876e-017	5.884041e+000	1.443282e-016	
2.568477e-017	5.884041e+000	1.511302e-016	
2.689525e-017	5.884041e+000	1.582528e-016	
2.816279e-017	5.884041e+000	1.657110e-016	
2.949006e-017	5.884041e+000	1.735207e-016	
3.087989e-017	5.884041e+000	1.816985e-016	
3.233521e-017	5.884041e+000	1.902617e-016	
3.385912e-017	5.884041e+000	1.992284e-016	
3.545485e-017	5.884041e+000	2.086178e-016	
3.712579e-017	5.884041e+000	2.184497e-016	
3.887547e-017	5.884041e+000	2.287449e-016	
4.070762e-017	5.884041e+000	2.395253e-016	
4.262611e-017	5.884041e+000	2.508137e-016	
4.463501e-017	5.884041e+000	2.626342e-016	
4.673860e-017	5.884041e+000	2.750118e-016	
4.894132e-017	5.884041e+000	2.879727e-016	
5.124785e-017	5.884041e+000	3.015445e-016	
5.366309e-017	5.884041e+000	3.157558e-016	
5.619215e-017	5.884041e+000	3.306369e-016	
5.884041e-017	5.884041e+000	3.462194e-016	
6.161347e-017	5.884041e+000	3.625362e-016	
6.451722e-017	5.884041e+000	3.796220e-016	
6.755783e-017	5.884041e+000	3.975130e-016	
7.074173e-017	5.884041e+000	4.162472e-016	
7.407568e-017	5.884041e+000	4.358644e-016	
7.756676e-017	5.884041e+000	4.564060e-016	
8.122237e-017	5.884041e+000	4.779158e-016	
8.505027e-017	5.884041e+000	5.004392e-016	
8.905856e-017	5.884041e+000	5.240242e-016	
9.325576e-017	5.884041e+000	5.487207e-016	
9.765077e-017	5.884041e+000	5.745811e-016	
1.022529e-016	5.884041e+000	6.016603e-016	
1.070719e-016	5.884041e+000	6.300157e-016	
1.121181e-016	5.884041e+000	6.597074e-016	
1.174020e-016	5.884041e+000	6.907984e-016	
1.229350e-016	5.884041e+000	7.233548e-016	
1.287288e-016	5.884041e+000	7.574454e-016	
1.347956e-016	5.884041e+000	7.931428e-016	
1.411483e-016	5.884041e+000	8.305224e-016	
1.478004e-016	5.884041e+000	8.696637e-016	
1.547660e-016	5.884041e+000	9.106497e-016	
1.620599e-016	5.884041e+000	9.535673e-016	
1.696976e-016	5.884041e+000	9.985075e-016	
1.776952e-016	5.884041e+000	1.045566e-015	
1.860697e-016	5.884041e+000	1.094842e-015	
1.948389e-016	5.884041e+000	1.146440e-015	
2.040214e-016	5.884041e+000	1.200470e-015	
2.136366e-016	5.884041e+000	1.257047e-015	
2.237050e-016	5.884041e+000	1.316289e-015	
2.342479e-016	5.884041e+000	1.378324e-015	
2.452876e-016	5.884041e+000	1.443282e-015	
2.568477e-016	5.884041e+000	1.511302e-015	
2.689525e-016	5.884041e+000	1.582528e-015	
2.816279e-016	5.884041e+000	1.657110e-015	
2.949006e-016	5.884041e+000	1.735207e-015	
3.087989e-016	5.884041e+000	1.816985e-015	
3.233521e-016	5.884041e+000	1.902617e-015	
3.385912e-016	5.884041e+000	1.992284e-015	
3.545485e-016	5.884041e+000	2.086178e-015	
3.712579e-016	5.884041e+000	2.184497e-015	
3.887547e-016	5.884041e+000	2.287449e-015	
4.070762e-016	5.884041e+000	2.395253e-015	
4.262611e-016	5.884041e+000	2.508138e-015	
4.463502e-016	5.884041e+000	2.626343e-015	
4.673860e-016	5.884041e+000	2.750118e-015	
4.894132e-016	5.884041e+000	2.879727e-015	
5.124785e-016	5.884041e+000	3.015445e-015	
5.366309e-016	5.884041e+000	3.157558e-015	
5.619216e-016	5.884041e+000	3.306369e-015	
5.884041e-016	5.884041e+000	3.462194e-015	
6.161347e-016	5.884041e+000	3.625362e-015	
6.451722e-016	5.884041e+000	3.796220e-015	
6.755783e-016	5.884041e+000	3.975130e-015	
7.074173e-016	5.884041e+000	4.162472e-015	
7.407568e-016	5.884041e+000	4.358643e-015	
7.756676e-016	5.884041e+000	4.564060e-015	
8.122237e-016	5.884041e+000	4.779157e-015	
8.505027e-016	5.884041e+000	5.004392e-015	
8.905856e-016	5.884041e+000	5.240242e-015	
9.325577e-016	5.884041e+000	5.487207e-015	
9.765077e-016	5.884041e+000	5.745811e-015	
1.022529e-015	5.884041e+000	6.016603e-015	
1.070719e-015	5.884041e+000	6.300157e-015	
1.121181e-015	5.884041e+000	6.597074e-015	
1.174020e-015	5.884041e+000	6.907984e-015	
1.229350e-015	5.884041e+000	7.233548e-015	
1.287288e-015	5.884041e+000	7.574454e-015	
1.347956e-015	5.884041e+000	7.931427e-015	
1.411483e-015	5.884041e+000	8.305224e-015	
1.478004e-015	5.884041e+000	8.696637e-015	
1.547660e-015	5.884041e+000	9.106497e-015	
1.620599e-015	5.884041e+000	9.535673e-015	
1.696976e-015	5.884041e+000	9.985075e-015	
1.776952e-015	5.884041e+000	1.045566e-014	
1.860697e-015	5.884041e+000	1.094842e-014	
1.948389e-015	5.884041e+000	1.146440e-014	
2.040214e-015	5.884041e+000	1.200470e-014	
2.136366e-015	5.884041e+000	1.257047e-014	
2.237050e-015	5.884041e+000	1.316289e-014	
2.342479e-015	5.884041e+000	1.378324e-014	
2.452877e-015	5.884041e+000	1.443283e-014	
2.568477e-015	5.884041e+000	1.511302e-014	
2.689525e-015	5.884041e+000	1.582528e-014	
2.816279e-015	5.884041e+000	1.657110e-014	
2.949006e-015	5.884041e+000	1.735207e-014	
3.087988e-015	5.884041e+000	1.816985e-014	
3.233521e-015	5.884041e+000	1.902617e-014	
3.385912e-015	5.884041e+000	1.992285e-014	
3.545485e-015	5.884041e+000	2.086178e-014	
3.712579e-015	5.884041e+000	2.184497e-014	
3.887547e-015	5.884041e+000	2.287449e-014	
4.070762e-015	5.884041e+000	2.395253e-014	
4.262611e-015	5.884041e+000	2.508138e-014	
4.463502e-015	5.884041e+000	2.626343e-014	
4.673860e-015	5.884041e+000	2.750118e-014	
4.894132e-015	5.884041e+000	2.879727e-014	
5.124785e-015	5.884041e+000	3.015445e-014	
5.366309e-015	5.884041e+000	3.157558e-014	
5.619215e-015	5.884041e+000	3.306369e-014	
5.884041e-015	5.884041e+000	3.462194e-014	
6.161347e-015	5.884041e+000	3.625362e-014	
6.451722e-015	5.884041e+000	3.796220e-014	
6.755783e-015	5.884041e+000	3.975130e-014	
7.074173e-015	5.884041e+000	4.162472e-014	
7.407568e-015	5.884041e+000	4.358643e-014	
7.756676e-015	5.884041e+000	4.564060e-014	
8.122237e-015	5.884041e+000	4.779157e-014	
8.505026e-015	5.884041e+000	5.004392e-014	
8.905856e-015	5.884041e+000	5.240242e-014	
9.325576e-015	5.884041e+000	5.487207e-014	
9.765077e-015	5.884041e+000	5.745811e-014	
1.022529e-014	5.884041e+000	6.016603e-014	
1.070719e-014	5.884041e+000	6.300157e-014	
1.121181e-014	5.884041e+000	6.597074e-014	
1.174020e-014	5.884041e+000	6.907984e-014	
1.229350e-014	5.884041e+000	7.233548e-014	
1.287288e-014	5.884041e+000	7.574455e-014	
1.347956e-014	5.884041e+000	7.931427e-014	
1.411483e-014	5.884041e+000	8.305224e-014	
1.478004e-014	5.884041e+000	8.696637e-014	
1.547660e-014	5.884041e+000	9.106497e-014	
1.620599e-014	5.884041e+000	9.535673e-014	
1.696976e-014	5.884041e+000	9.985076e-014	
1.776952e-014	5.884041e+000	1.045566e-013	
1.860697e-014	5.884041e+000	1.094842e-013	
1.948389e-014	5.884041e+000	1.146440e-013	
2.040214e-014	5.884041e+000	1.200470e-013	
2.136366e-014	5.884041e+000	1.257046e-013	
2.237050e-014	5.884041e+000	1.316289e-013	
2.342479e-014	5.884041e+000	1.378324e-013	
2.452876e-014	5.884041e+000	1.443283e-013	
2.568477e-014	5.884041e+000	1.511302e-013	
2.689526e-014	5.884041e+000	1.582528e-013	
2.816279e-014	5.884041e+000	1.657110e-013	
2.949006e-014	5.884041e+000	1.735207e-013	
3.087988e-014	5.884041e+000	1.816985e-013	
3.233521e-014	5.884041e+000	1.902617e-013	
3.385912e-014	5.884041e+000	1.992284e-013	
3.545485e-014	5.884041e+000	2.086178e-013	
3.712579e-014	5.884041e+000	2.184496e-013	
3.887547e-014	5.884041e+000	2.287449e-013	
4.070762e-014	5.884041e+000	2.395253e-013	
4.262611e-014	5.884041e+000	2.508138e-013	
4.463501e-014	5.884041e+000	2.626342e-013	
4.673860e-014	5.884041e+000	2.750118e-013	
4.894132e-014	5.884041e+000	2.879727e-013	
5.124785e-014	5.884041e+000	3.015445e-013	
5.366309e-014	5.884041e+000	3.157558e-013	
5.619215e-014	5.884041e+000	3.306369e-013	
5.884041e-014	5.884041e+000	3.462194e-013	
6.161347e-014	5.884041e+000	3.625362e-013	
6.451723e-014	5.884041e+000	3.796220e-013	
6.755783e-014	5.884041e+000	3.975130e-013	
7.074173e-014	5.884041e+000	4.162472e-013	
7.407569e-014	5.884041e+000	4.358644e-013	
7.756676e-014	5.884041e+000	4.564060e-013	
8.122238e-014	5.884041e+000	4.779158e-013	
8.505027e-014	5.884041e+000	5.004392e-013	
8.905856e-014	5.884041e+000	5.240242e-013	
9.325576e-014	5.884041e+000	5.487207e-013	
9.765077e-014	5.884041e+000	5.745811e-013	
1.022529e-013	5.884041e+000	6.016603e-013	
1.070719e-013	5.884041e+000	6.300157e-013	
1.121181e-013	5.884041e+000	6.597074e-013	
1.174020e-013	5.884041e+000	6.907984e-013	
1.229350e-013	5.884041e+000	7.233548e-013	
1.287288e-013	5.884041e+000	7.574454e-013	
1.347956e-013	5.884041e+000	7.931428e-013	
1.411483e-013	5.884041e+000	8.305224e-013	
1.478004e-013	5.884041e+000	8.696637e-013	
1.547660e-013	5.884041e+000	9.106497e-013	
1.620599e-013	5.884041e+000	9.535673e-013	
1.696976e-013	5.884041e+000	9.985075e-013	
1.776952e-013	5.884041e+000	1.045566e-012	
1.860697e-013	5.884041e+000	1.094842e-012	
1.948389e-013	5.884041e+000	1.146440e-012	
2.040214e-013	5.884041e+000	1.200470e-012	
2.136366e-013	5.884041e+000	1.257046e-012	
2.237050e-013	5.884041e+000	1.316289e-012	
2.342479e-013	5.884041e+000	1.378324e-012	
2.452876e-013	5.884041e+000	1.443283e-012	
2.568477e-013	5.884041e+000	1.511302e-012	
2.689526e-013	5.884041e+000	1.582528e-012	
2.816279e-013	5.884041e+000	1.657110e-012	
2.949006e-013	5.884041e+000	1.735207e-012	
3.087989e-013	5.884041e+000	1.816985e-012	
3.233521e-013	5.884041e+000	1.902617e-012	
3.385912e-013	5.884041e+000	1.992285e-012	
3.545485e-013	5.884041e+000	2.086178e-012	
3.712579e-013	5.884041e+000	2.184496e-012	
3.887547e-013	5.884041e+000	2.287449e-012	
4.070762e-013	5.884041e+000	2.395253e-012	
4.262611e-013	5.884041e+000	2.508138e-012	
4.463501e-013	5.884041e+000	2.626342e-012	
4.673859e-013	5.884041e+000	2.750118e-012	
4.894132e-013	5.884041e+000	2.879727e-012	
5.124785e-013	5.884041e+000	3.015445e-012	
5.366309e-013	5.884041e+000	3.157558e-012	
5.619215e-013	5.884041e+000	3.306369e-012	
5.884041e-013	5.884041e+000	3.462193e-012	
6.161347e-013	5.884041e+000	3.625362e-012	
6.451722e-013	5.884041e+000	3.796220e-012	
6.755782e-013	5.884041e+000	3.975130e-012	
7.074173e-013	5.884041e+000	4.162472e-012	
7.407568e-013	5.884041e+000	4.358644e-012	
7.756676e-013	5.884041e+000	4.564060e-012	
8.122237e-013	5.884041e+000	4.779158e-012	
8.505027e-013	5.884041e+000	5.004392e-012	
8.905856e-013	5.884041e+000	5.240242e-012	
9.325576e-013	5.884041e+000	5.487207e-012	
9.765077e-013	5.884041e+000	5.745811e-012	
1.022529e-012	5.884041e+000	6.016603e-012	
1.070719e-012	5.884041e+000	6.300156e-012	
1.121181e-012	5.884041e+000	6.597074e-012	
1.174021e-012	5.884041e+000	6.907985e-012	
1.229350e-012	5.884041e+000	7.233548e-012	
1.287288e-012	5.884041e+000	7.574454e-012	
1.347956e-012	5.884041e+000	7.931427e-012	
1.411483e-012	5.884041e+000	8.305224e-012	
1.478004e-012	5.884041e+000	8.696637e-012	
1.547660e-012	5.884041e+000	9.106497e-012	
1.620599e-012	5.884041e+000	9.535673e-012	
1.696976e-012	5.884041e+000	9.985075e-012	
1.776952e-012	5.884041e+000	1.045566e-011	
1.860697e-012	5.884041e+000	1.094842e-011	
1.948389e-012	5.884041e+000	1.146440e-011	
2.040214e-012	5.884041e+000	1.200470e-011	
2.136366e-012	5.884041e+000	1.257047e-011	
2.237050e-012	5.884041e+000	1.316289e-011	
2.342479e-012	5.884041e+000	1.378324e-011	
2.452876e-012	5.884041e+000	1.443283e-011	
2.568477e-012	5.884041e+000	1.511302e-011	
2.689525e-012	5.884041e+000	1.582528e-011	
2.816279e-012	5.884041e+000	1.657110e-011	
2.949006e-012	5.884041e+000	1.735207e-011	
3.087988e-012	5.884041e+000	1.816985e-011	
3.233521e-012	5.884041e+000	1.902617e-011	
3.385912e-012	5.884041e+000	1.992284e-011	
3.545485e-012	5.884041e+000	2.086178e-011	
3.712579e-012	5.884041e+000	2.184497e-011	
3.887547e-012	5.884041e+000	2.287449e-011	
4.070762e-012	5.884041e+000	2.395253e-011	
4.262611e-012	5.884041e+000	2.508138e-011	
4.463501e-012	5.884041e+000	2.626342e-011	
4.673860e-012	5.884041e+000	2.750118e-011	
4.894132e-012	5.884041e+000	2.879727e-011	
5.124785e-012	5.884041e+000	3.015445e-011	
5.366309e-012	5.884041e+000	3.157558e-011	
5.619215e-012	5.884041e+000	3.306369e-011	
5.884041e-012	5.884041e+000	3.462194e-011	
6.161347e-012	5.884041e+000	3.625362e-011	
6.451722e-012	5.884041e+000	3.796220e-011	
6.755783e-012	5.884041e+000	3.975130e-011	
7.074173e-012	5.884041e+000	4.162472e-011	
7.407568e-012	5.884041e+000	4.358644e-011	
7.756676e-012	5.884041e+000	4.564060e-011	
8.122237e-012	5.884041e+000	4.779158e-011	
8.505027e-012	5.884041e+000	5.004392e-011	
8.905856e-012	5.884041e+000	5.240242e-011	
9.325576e-012	5.884041e+000	5.487207e-011	
9.765077e-012	5.884041e+000	5.745811e-011	
1.022529e-011	5.884041e+000	6.016603e-011	
1.070719e-011	5.884041e+000	6.300157e-011	
1.121181e-011	5.884041e+000	6.597074e-011	
1.174021e-011	5.884041e+000	6.907985e-011	
1.229350e-011	5.884041e+000	7.233548e-011	
1.287288e-011	5.884041e+000	7.574455e-011	
1.347956e-011	5.884041e+000	7.931427e-011	
1.411483e-011	5.884041e+000	8.305224e-011	
1.478004e-011	5.884041e+000	8.696637e-011	
1.547660e-011	5.884041e+000	9.106497e-011	
1.620599e-011	5.884041e+000	9.535673e-011	
1.696976e-011	5.884041e+000	9.985075e-011	
1.776952e-011	5.884041e+000	1.045566e-010	
1.860697e-011	5.884041e+000	1.094842e-010	
1.948389e-011	5.884041e+000	1.146440e-010	
2.040214e-011	5.884041e+000	1.200470e-010	
2.136366e-011	5.884041e+000	1.257047e-010	
2.237050e-011	5.884041e+000	1.316289e-010	
2.342479e-011	5.884041e+000	1.378324e-010	
2.452876e-011	5.884041e+000	1.443283e-010	
2.568477e-011	5.884041e+000	1.511302e-010	
2.689526e-011	5.884041e+000	1.582528e-010	
2.816279e-011	5.884041e+000	1.657110e-010	
2.949006e-011	5.884041e+000	1.735207e-010	
3.087989e-011	5.884041e+000	1.816985e-010	
3.233521e-011	5.884041e+000	1.902617e-010	
3.385912e-011	5.884041e+000	1.992284e-010	
3.545485e-011	5.884041e+000	2.086178e-010	
3.712579e-011	5.884041e+000	2.184497e-010	
3.887547e-011	5.884041e+000	2.287449e-010	
4.070762e-011	5.884041e+000	2.395253e-010	
4.262611e-011	5.884041e+000	2.508138e-010	
4.463501e-011	5.884041e+000	2.626342e-010	
4.673860e-011	5.884041e+000	2.750118e-010	
4.894132e-011	5.884041e+000	2.879727e-010	
5.124785e-011	5.884041e+000	3.015445e-010	
5.366309e-011	5.884041e+000	3.157558e-010	
5.619215e-011	5.884041e+000	3.306369e-010	
5.884040e-011	5.884041e+000	3.462193e-010	
6.161347e-011	5.884041e+000	3.625362e-010	
6.451722e-011	5.884041e+000	3.796220e-010	
6.755783e-011	5.884041e+000	3.975130e-010	
7.074173e-011	5.884041e+000	4.162472e-010	
7.407568e-011	5.884041e+000	4.358643e-010	
7.756677e-011	5.884041e+000	4.564060e-010	
8.122238e-011	5.884041e+000	4.779158e-010	
8.505027e-011	5.884041e+000	5.004392e-010	
8.905856e-011	5.884041e+000	5.240242e-010	
9.325576e-011	5.884041e+000	5.487207e-010	
9.765077e-011	5.884041e+000	5.745811e-010	
1.022529e-010	5.884041e+000	6.016603e-010	
1.070719e-010	5.884041e+000	6.300157e-010	
1.121181e-010	5.884041e+000	6.597074e-010	
1.174020e-010	5.884041e+000	6.907984e-010	
1.229350e-010	5.884041e+000	7.233548e-010	
1.287288e-010	5.884041e+000	7.574455e-010	
1.347956e-010	5.884041e+000	7.931428e-010	
1.411483e-010	5.884041e+000	8.305224e-010	
1.478004e-010	5.884041e+000	8.696637e-010	
1.547660e-010	5.884041e+000	9.106497e-010	
1.620599e-010	5.884041e+000	9.535673e-010	
1.696976e-010	5.884041e+000	9.985075e-010	
1.776952e-010	5.884041e+000	1.045566e-009	
1.860697e-010	5.884041e+000	1.094842e-009	
1.948389e-010	5.884041e+000	1.146440e-009	
2.040214e-010	5.884041e+000	1.200470e-009	
2.136366e-010	5.884041e+000	1.257047e-009	
2.237050e-010	5.884041e+000	1.316289e-009	
2.342479e-010	5.884041e+000	1.378324e-009	
2.452877e-010	5.884041e+000	1.443283e-009	
2.568477e-010	5.884041e+000	1.511302e-009	
2.689526e-010	5.884041e+000	1.582528e-009	
2.816279e-010	5.884041e+000	1.657110e-009	
2.949006e-010	5.884041e+000	1.735207e-009	
3.087988e-010	5.884041e+000	1.816985e-009	
3.233521e-010	5.884041e+000	1.902617e-009	
3.385912e-010	5.884041e+000	1.992285e-009	
3.545485e-010	5.884041e+000	2.086178e-009	
3.712579e-010	5.884041e+000	2.184497e-009	
3.887547e-010	5.884041e+000	2.287449e-009	
4.070762e-010	5.884041e+000	2.395253e-009	
4.262611e-010	5.884041e+000	2.508138e-009	
4.463501e-010	5.884041e+000	2.626342e-009	
4.673860e-010	5.884041e+000	2.750118e-009	
4.894132e-010	5.884041e+000	2.879727e-009	
5.124785e-010	5.884041e+000	3.015444e-009	
5.366309e-010	5.884041e+000	3.157558e-009	
5.619215e-010	5.884041e+000	3.306369e-009	
5.884041e-010	5.884041e+000	3.462194e-009	
6.161347e-010	5.884041e+000	3.625362e-009	
6.451722e-010	5.884041e+000	3.796220e-009	
6.755783e-010	5.884041e+000	3.975130e-009	
7.074173e-010	5.884041e+000	4.162472e-009	
7.407568e-010	5.884041e+000	4.358644e-009	
7.756676e-010	5.884041e+000	4.564060e-009	
8.122237e-010	5.884041e+000	4.779158e-009	
8.505027e-010	5.884041e+000	5.004392e-009	
8.905856e-010	5.884041e+000	5.240242e-009	
9.325576e-010	5.884041e+000	5.487207e-009	
9.765077e-010	5.884041e+000	5.745811e-009	
1.022529e-009	5.884041e+000	6.016603e-009	
1.070719e-009	5.884041e+000	6.300157e-009	
1.121181e-009	5.884041e+000	6.597074e-009	
1.174020e-009	5.884041e+000	6.907984e-009	
1.229350e-009	5.884041e+000	7.233548e-009	
1.287288e-009	5.884041e+000	7.574454e-009	
1.347956e-009	5.884041e+000	7.931427e-009	
1.411483e-009	5.884041e+000	8.305224e-009	
1.478004e-009	5.884041e+000	8.696637e-009	
1.547660e-009	5.884041e+000	9.106497e-009	
1.620599e-009	5.884041e+000	9.535673e-009	
1.696976e-009	5.884041e+000	9.985075e-009	
1.776952e-009	5.884041e+000	1.045566e-008	
1.860697e-009	5.884041e+000	1.094842e-008	
1.948389e-009	5.884041e+000	1.146440e-008	
2.040214e-009	5.884041e+000	1.200470e-008	
2.136366e-009	5.884041e+000	1.257046e-008	
2.237050e-009	5.884041e+000	1.316289e-008	
2.342479e-009	5.884041e+000	1.378324e-008	
2.452876e-009	5.884041e+000	1.443282e-008	
2.568477e-009	5.884041e+000	1.511302e-008	
2.689525e-009	5.884041e+000	1.582528e-008	
2.816279e-009	5.884041e+000	1.657110e-008	
2.949006e-009	5.884041e+000	1.735207e-008	
3.087989e-009	5.884041e+000	1.816985e-008	
3.233521e-009	5.884041e+000	1.902617e-008	
3.385912e-009	5.884041e+000	1.992284e-008	
3.545485e-009	5.884041e+000	2.086178e-008	
3.712579e-009	5.884041e+000	2.184496e-008	
3.887547e-009	5.884041e+000	2.287449e-008	
4.070762e-009	5.884041e+000	2.395253e-008	
4.262611e-009	5.884041e+000	2.508138e-008	
4.463502e-009	5.884041e+000	2.626343e-008	
4.673860e-009	5.884041e+000	2.750118e-008	
4.894132e-009	5.884041e+000	2.879727e-008	
5.124785e-009	5.884041e+000	3.015444e-008	
5.366309e-009	5.884041e+000	3.157558e-008	
5.619215e-009	5.884041e+000	3.306369e-008	
5.884041e-009	5.884041e+000	3.462194e-008	
6.161347e-009	5.884041e+000	3.625362e-008	
6.451722e-009	5.884041e+000	3.796220e-008	
6.755783e-009	5.884041e+000	3.975130e-008	
7.074173e-009	5.884041e+000	4.162472e-008	
7.407568e-009	5.884041e+000	4.358643e-008	
7.756676e-009	5.884041e+000	4.564060e-008	
8.122237e-009	5.884041e+000	4.779157e-008	
8.505027e-009	5.884041e+000	5.004393e-008	
8.905856e-009	5.884041e+000	5.240242e-008	
9.325576e-009	5.884041e+000	5.487207e-008	
9.765077e-009	5.884041e+000	5.745811e-008	
1.022529e-008	5.884041e+000	6.016603e-008	
1.070719e-008	5.884041e+000	6.300157e-008	
1.121181e-008	5.884041e+000	6.597074e-008	
1.174020e-008	5.884041e+000	6.907984e-008	
1.229350e-008	5.884041e+000	7.233548e-008	
1.287288e-008	5.884041e+000	7.574454e-008	
1.347956e-008	5.884041e+000	7.931427e-008	
1.411483e-008	5.884041e+000	8.305224e-008	
1.478004e-008	5.884041e+000	8.696637e-008	
1.547660e-008	5.884041e+000	9.106498e-008	
1.620599e-008	5.884041e+000	9.535673e-008	
1.696976e-008	5.884041e+000	9.985075e-008	
1.776952e-008	5.884041e+000	1.045566e-007	
1.860697e-008	5.884041e+000	1.094842e-007	
1.948389e-008	5.884041e+000	1.146440e-007	
2.040214e-008	5.884041e+000	1.200470e-007	
2.136366e-008	5.884041e+000	1.257047e-007	
2.237050e-008	5.884041e+000	1.316289e-007	
2.342479e-008	5.884041e+000	1.378324e-007	
2.452876e-008	5.884041e+000	1.443283e-007	
2.568477e-008	5.884041e+000	1.511302e-007	
2.689526e-008	5.884041e+000	1.582528e-007	
2.816279e-008	5.884041e+000	1.657110e-007	
2.949006e-008	5.884041e+000	1.735207e-007	
3.087989e-008	5.884041e+000	1.816985e-007	
3.233521e-008	5.884041e+000	1.902617e-007	
3.385912e-008	5.884041e+000	1.992284e-007	
3.545485e-008	5.884041e+000	2.086178e-007	
3.712579e-008	5.884041e+000	2.184496e-007	
3.887547e-008	5.884041e+000	2.287449e-007	
4.070762e-008	5.884041e+000	2.395253e-007	
4.262611e-008	5.884041e+000	2.508138e-007	
4.463501e-008	5.884041e+000	2.626342e-007	
4.673860e-008	5.884041e+000	2.750118e-007	
4.894132e-008	5.884041e+000	2.879727e-007	
5.124785e-008	5.884041e+000	3.015445e-007	
5.366309e-008	5.884041e+000	3.157558e-007	
5.619215e-008	5.884041e+000	3.306369e-007	
5.884041e-008	5.884041e+000	3.462194e-007	
6.161347e-008	5.884041e+000	3.625362e-007	
6.451722e-008	5.884041e+000	3.796220e-007	
6.755783e-008	5.884041e+000	3.975130e-007	
7.074173e-008	5.884041e+000	4.162472e-007	
7.407569e-008	5.884041e+000	4.358644e-007	
7.756677e-008	5.884041e+000	4.564060e-007	
8.122237e-008	5.884041e+000	4.779158e-007	
8.505027e-008	5.884041e+000	5.004392e-007	
8.905856e-008	5.884041e+000	5.240242e-007	
9.325576e-008	5.884041e+000	5.487207e-007	
9.765077e-008	5.884041e+000	5.745811e-007	
1.022529e-007	5.884041e+000	6.016603e-007	
1.070719e-007	5.884041e+000	6.300157e-007	
1.121181e-007	5.884041e+000	6.597074e-007	
1.174020e-007	5.884041e+000	6.907984e-007	
1.229350e-007	5.884041e+000	7.233548e-007	
1.287288e-007	5.884041e+000	7.574454e-007	
1.347956e-007	5.884041e+000	7.931427e-007	
1.411483e-007	5.884041e+000	8.305224e-007	
1.478004e-007	5.884041e+000	8.696637e-007	
1.547660e-007	5.884041e+000	9.106497e-007	
1.620599e-007	5.884041e+000	9.535673e-007	
1.696976e-007	5.884041e+000	9.985075e-007	
1.776952e-007	5.884041e+000	1.045566e-006	
1.860697e-007	5.884041e+000	1.094842e-006	
1.948389e-007	5.884041e+000	1.146440e-006	
2.040214e-007	5.884041e+000	1.200470e-006	
2.136366e-007	5.884041e+000	1.257047e-006	
2.237050e-007	5.884041e+000	1.316289e-006	
2.342479e-007	5.884041e+000	1.378324e-006	
2.452877e-007	5.884041e+000	1.443283e-006	
2.568477e-007	5.884041e+000	1.511302e-006	
2.689526e-007	5.884041e+000	1.582528e-006	
2.816279e-007	5.884041e+000	1.657110e-006	
2.949006e-007	5.884041e+000	1.735207e-006	
3.087989e-007	5.884041e+000	1.816985e-006	
3.233521e-007	5.884041e+000	1.902617e-006	
3.385912e-007	5.884041e+000	1.992284e-006	
3.545485e-007	5.884041e+000	2.086178e-006	
3.712579e-007	5.884041e+000	2.184496e-006	
3.887547e-007	5.884041e+000	2.287449e-006	
4.070762e-007	5.884041e+000	2.395253e-006	
4.262611e-007	5.884041e+000	2.508138e-006	
4.463501e-007	5.884041e+000	2.626342e-006	
4.673860e-007	5.884041e+000	2.750118e-006	
4.894132e-007	5.884041e+000	2.879727e-006	
5.124786e-007	5.884041e+000	3.015445e-006	
5.366309e-007	5.884041e+000	3.157558e-006	
5.619215e-007	5.884041e+000	3.306369e-006	
5.884041e-007	5.884041e+000	3.462194e-006	
6.161347e-007	5.884041e+000	3.625362e-006	
6.451722e-007	5.884041e+000	3.796220e-006	
6.755783e-007	5.884041e+000	3.975130e-006	
7.074173e-007	5.884041e+000	4.162472e-006	
7.407568e-007	5.884041e+000	4.358643e-006	
7.756676e-007	5.884041e+000	4.564060e-006	
8.122237e-007	5.884041e+000	4.779158e-006	
8.505027e-007	5.884041e+000	5.004392e-006	
8.905856e-007	5.884041e+000	5.240242e-006	
9.325576e-007	5.884041e+000	5.487207e-006	
9.765077e-007	5.884041e+000	5.745811e-006	
1.022529e-006	5.884041e+000	6.016603e-006	
1.070719e-006	5.884041e+000	6.300156e-006	
1.121181e-006	5.884041e+000	6.597074e-006	
1.174020e-006	5.884041e+000	6.907984e-006	
1.229350e-006	5.884041e+000	7.233548e-006	
1.287288e-006	5.884041e+000	7.574454e-006	
1.347956e-006	5.884041e+000	7.931427e-006	
1.411483e-006	5.884041e+000	8.305224e-006	
1.478004e-006	5.884041e+000	8.696637e-006	
1.547660e-006	5.884041e+000	9.106497e-006	
1.620599e-006	5.884041e+000	9.535673e-006	
1.696976e-006	5.884041e+000	9.985076e-006	
1.776952e-006	5.884041e+000	1.045566e-005	
1.860697e-006	5.884041e+000	1.094842e-005	
1.948389e-006	5.884041e+000	1.146440e-005	
2.040214e-006	5.884041e+000	1.200470e-005	
2.136366e-006	5.884041e+000	1.257046e-005	
2.237050e-006	5.884041e+000	1.316289e-005	
2.342479e-006	5.884041e+000	1.378324e-005	
2.452877e-006	5.884041e+000	1.443283e-005	
2.568477e-006	5.884041e+000	1.511302e-005	
2.689525e-006	5.884041e+000	1.582528e-005	
2.816279e-006	5.884041e+000	1.657110e-005	
2.949006e-006	5.884041e+000	1.735207e-005	
3.087988e-006	5.884041e+000	1.816985e-005	
3.233521e-006	5.884041e+000	1.902617e-005	
3.385912e-006	5.884041e+000	1.992285e-005	
3.545485e-006	5.884041e+000	2.086178e-005	
3.712579e-006	5.884041e+000	2.184496e-005	
3.887547e-006	5.884041e+000	2.287449e-005	
4.070761e-006	5.884041e+000	2.395253e-005	
4.262611e-006	5.884041e+000	2.508138e-005	
4.463501e-006	5.884041e+000	2.626342e-005	
4.673860e-006	5.884041e+000	2.750118e-005	
4.894132e-006	5.884041e+000	2.879727e-005	
5.124785e-006	5.884041e+000	3.015445e-005	
5.366309e-006	5.884041e+000	3.157558e-005	
5.619215e-006	5.884041e+000	3.306369e-005	
5.884041e-006	5.884041e+000	3.462193e-005	
6.161347e-006	5.884041e+000	3.625362e-005	
6.451723e-006	5.884041e+000	3.796220e-005	
6.755783e-006	5.884041e+000	3.975130e-005	
7.074173e-006	5.884041e+000	4.162472e-005	
7.407568e-006	5.884041e+000	4.358643e-005	
7.756676e-006	5.884041e+000	4.564060e-005	
8.122237e-006	5.884041e+000	4.779157e-005	
8.505027e-006	5.884041e+000	5.004393e-005	
8.905856e-006	5.884041e+000	5.240242e-005	
9.325576e-006	5.884041e+000	5.487207e-005	
9.765077e-006	5.884041e+000	5.745811e-005	
1.022529e-005	5.884041e+000	6.016603e-005	
1.070719e-005	5.884041e+000	6.300157e-005	
1.121181e-005	5.884041e+000	6.597074e-005	
1.174021e-005	5.884041e+000	6.907985e-005	
1.229350e-005	5.884041e+000	7.233548e-005	
1.287288e-005	5.884041e+000	7.574454e-005	
1.347956e-005	5.884041e+000	7.931427e-005	
1.411483e-005	5.884041e+000	8.305224e-005	
1.478004e-005	5.884041e+000	8.696637e-005	
1.547660e-005	5.884041e+000	9.106497e-005	
1.620599e-005	5.884041e+000	9.535673e-005	
1.696976e-005	5.884041e+000	9.985076e-005	
1.776952e-005	5.884041e+000	1.045566e-004	
1.860697e-005	5.884041e+000	1.094842e-004	
1.948389e-005	5.884041e+000	1.146440e-004	
2.040214e-005	5.884041e+000	1.200470e-004	
2.136366e-005	5.884041e+000	1.257047e-004	
2.237050e-005	5.884041e+000	1.316289e-004	
2.342479e-005	5.884041e+000	1.378324e-004	
2.452876e-005	5.884041e+000	1.443283e-004	
2.568477e-005	5.884041e+000	1.511302e-004	
2.689526e-005	5.884041e+000	1.582528e-004	
2.816279e-005	5.884041e+000	1.657110e-004	
2.949006e-005	5.884041e+000	1.735207e-004	
3.087988e-005	5.884041e+000	1.816985e-004	
3.233521e-005	5.884041e+000	1.902617e-004	
3.385912e-005	5.884041e+000	1.992284e-004	
3.545485e-005	5.884041e+000	2.086178e-004	
3.712579e-005	5.884041e+000	2.184497e-004	
3.887547e-005	5.884041e+000	2.287449e-004	
4.070761e-005	5.884041e+000	2.395253e-004	
4.262611e-005	5.884041e+000	2.508138e-004	
4.463501e-005	5.884041e+000	2.626342e-004	
4.673860e-005	5.884041e+000	2.750118e-004	
4.894132e-005	5.884041e+000	2.879727e-004	
5.124785e-005	5.884041e+000	3.015444e-004	
5.366309e-005	5.884041e+000	3.157558e-004	
5.619215e-005	5.884041e+000	3.306369e-004	
5.884041e-005	5.884041e+000	3.462194e-004	
6.161347e-005	5.884041e+000	3.625362e-004	
6.451723e-005	5.884041e+000	3.796220e-004	
6.755783e-005	5.884041e+000	3.975130e-004	
7.074173e-005	5.884041e+000	4.162472e-004	
7.407569e-005	5.884041e+000	4.358644e-004	
7.756676e-005	5.884041e+000	4.564060e-004	
8.122237e-005	5.884041e+000	4.779158e-004	
8.505026e-005	5.884041e+000	5.004392e-004	
8.905856e-005	5.884041e+000	5.240242e-004	
9.325576e-005	5.884041e+000	5.487207e-004	
9.765077e-005	5.884041e+000	5.745811e-004	
1.022529e-004	5.884041e+000	6.016603e-004	
1.070719e-004	5.884041e+000	6.300157e-004	
1.121181e-004	5.884041e+000	6.597074e-004	
1.174021e-004	5.884041e+000	6.907985e-004	
1.229350e-004	5.884041e+000	7.233547e-004	
1.287288e-004	5.884041e+000	7.574454e-004	
1.347956e-004	5.884041e+000	7.931427e-004	
1.411483e-004	5.884041e+000	8.305224e-004	
1.478004e-004	5.884041e+000	8.696637e-004	
1.547660e-004	5.884041e+000	9.106497e-004	
1.620599e-004	5.884041e+000	9.535673e-004	
1.696976e-004	5.884041e+000	9.985076e-004	
1.776952e-004	5.884041e+000	1.045566e-003	
1.860697e-004	5.884041e+000	1.094842e-003	
1.948389e-004	5.884041e+000	1.146440e-003	
2.040214e-004	5.884041e+000	1.200470e-003	
2.136366e-004	5.884041e+000	1.257047e-003	
2.237050e-004	5.884041e+000	1.316289e-003	
2.342479e-004	5.884041e+000	1.378324e-003	
2.452876e-004	5.884041e+000	1.443282e-003	
2.568477e-004	5.884041e+000	1.511302e-003	
2.689525e-004	5.884041e+000	1.582528e-003	
2.816279e-004	5.884041e+000	1.657110e-003	
2.949006e-004	5.884041e+000	1.735207e-003	
3.087989e-004	5.884041e+000	1.816985e-003	
3.233521e-004	5.884041e+000	1.902617e-003	
3.385912e-004	5.884041e+000	1.992284e-003	
3.545485e-004	5.884041e+000	2.086178e-003	
3.712579e-004	5.884041e+000	2.184496e-003	
3.887547e-004	5.884041e+000	2.287449e-003	
4.070761e-004	5.884041e+000	2.395253e-003	
4.262611e-004	5.884041e+000	2.508138e-003	
4.463501e-004	5.884041e+000	2.626342e-003	
4.673860e-004	5.884041e+000	2.750118e-003	
4.894132e-004	5.884041e+000	2.879727e-003	
5.124785e-004	5.884041e+000	3.015445e-003	
5.366309e-004	5.884041e+000	3.157558e-003	
5.619215e-004	5.884041e+000	3.306369e-003	
5.884041e-004	5.884041e+000	3.462194e-003	
6.161347e-004	5.884041e+000	3.625362e-003	
6.451723e-004	5.884041e+000	3.796220e-003	
6.755783e-004	5.884041e+000	3.975130e-003	
7.074173e-004	5.884041e+000	4.162472e-003	
7.407569e-004	5.884041e+000	4.358644e-003	
7.756677e-004	5.884041e+000	4.564060e-003	
8.122237e-004	5.884041e+000	4.779157e-003	
8.505026e-004	5.884041e+000	5.004392e-003	
8.905856e-004	5.884041e+000	5.240242e-003	
9.325576e-004	5.884041e+000	5.487207e-003	
9.765077e-004	5.884041e+000	5.745811e-003	
1.022529e-003	5.884041e+000	6.016603e-003	
1.070719e-003	5.884041e+000	6.300157e-003	
1.121181e-003	5.884041e+000	6.597074e-003	
1.174020e-003	5.884041e+000	6.907984e-003	
1.229350e-003	5.884041e+000	7.233548e-003	
1.287288e-003	5.884041e+000	7.574454e-003	
1.347956e-003	5.884041e+000	7.931428e-003	
1.411483e-003	5.884041e+000	8.305224e-003	
1.478004e-003	5.884041e+000	8.696637e-003	
1.547660e-003	5.884041e+000	9.106497e-003	
1.620599e-003	5.884041e+000	9.535673e-003	
1.696976e-003	5.884041e+000	9.985075e-003	
1.776952e-003	5.884041e+000	1.045566e-002	
1.860697e-003	5.884041e+000	1.094842e-002	
1.948389e-003	5.884041e+000	1.146440e-002	
2.040214e-003	5.884041e+000	1.200470e-002	
2.136366e-003	5.884041e+000	1.257046e-002	
2.237050e-003	5.884041e+000	1.316289e-002	
2.342479e-003	5.884041e+000	1.378324e-002	
2.452876e-003	5.884041e+000	1.443283e-002	
2.568477e-003	5.884041e+000	1.511302e-002	
2.689525e-003	5.884041e+000	1.582528e-002	
2.816279e-003	5.884041e+000	1.657110e-002	
2.949006e-003	5.884041e+000	1.735207e-002	
3.087988e-003	5.884041e+000	1.816985e-002	
3.233521e-003	5.884041e+000	1.902617e-002	
3.385912e-003	5.884041e+000	1.992284e-002	
3.545485e-003	5.884041e+000	2.086178e-002	
3.712579e-003	5.884041e+000	2.184496e-002	
3.887547e-003	5.884041e+000	2.287449e-002	
4.070762e-003	5.884041e+000	2.395253e-002	
4.262611e-003	5.884041e+000	2.508138e-002	
4.463501e-003	5.884041e+000	2.626342e-002	
4.673860e-003	5.884041e+000	2.750118e-002	
4.894132e-003	5.884041e+000	2.879727e-002	
5.124785e-003	5.884041e+000	3.015444e-002	
5.366309e-003	5.884041e+000	3.157558e-002	
5.619215e-003	5.884041e+000	3.306369e-002	
5.884041e-003	5.884041e+000	3.462194e-002	
6.161347e-003	5.884041e+000	3.625362e-002	
6.451722e-003	5.884041e+000	3.796220e-002	
6.755783e-003	5.884041e+000	3.975130e-002	
7.074173e-003	5.884041e+000	4.162472e-002	
7.407568e-003	5.884041e+000	4.358643e-002	
7.756676e-003	5.884041e+000	4.564060e-002	
8.122237e-003	5.884040e+000	4.779157e-002	
8.505026e-003	5.884040e+000	5.004392e-002	
8.905856e-003	5.884040e+000	5.240242e-002	
9.325576e-003	5.884040e+000	5.487207e-002	
9.765076e-003	5.884040e+000	5.745810e-002	
1.022529e-002	5.884040e+000	6.016602e-002	
1.070719e-002	5.884040e+000	6.300156e-002	
1.121181e-002	5.884040e+000	6.597073e-002	
1.174020e-002	5.884040e+000	6.907983e-002	
1.229350e-002	5.884040e+000	7.233547e-002	
1.287288e-002	5.884040e+000	7.574453e-002	
1.347956e-002	5.884040e+000	7.931426e-002	
1.411483e-002	5.884040e+000	8.305223e-002	
1.478004e-002	5.884040e+000	8.696636e-002	
1.547660e-002	5.884040e+000	9.106496e-002	
1.620599e-002	5.884040e+000	9.535671e-002	
1.696976e-002	5.884040e+000	9.985074e-002	
1.776952e-002	5.884040e+000	1.045566e-001	
1.860697e-002	5.884040e+000	1.094842e-001	
1.948389e-002	5.884040e+000	1.146440e-001	
2.040214e-002	5.884040e+000	1.200470e-001	
2.136366e-002	5.884040e+000	1.257046e-001	
2.237050e-002	5.884040e+000	1.316289e-001	
2.342479e-002	5.884040e+000	1.378324e-001	
2.452876e-002	5.884040e+000	1.443282e-001	
2.568477e-002	5.884040e+000	1.511302e-001	
2.689525e-002	5.884040e+000	1.582528e-001	
2.816279e-002	5.884040e+000	1.657110e-001	
2.949006e-002	5.884040e+000	1.735207e-001	
3.087988e-002	5.884040e+000	1.816985e-001	
3.233521e-002	5.884040e+000	1.902616e-001	
3.385912e-002	5.884040e+000	1.992284e-001	
3.545485e-002	5.884040e+000	2.086177e-001	
3.712578e-002	5.884040e+000	2.184496e-001	
3.887547e-002	5.884040e+000	2.287448e-001	
4.070761e-002	5.884040e+000	2.395252e-001	
4.262610e-002	5.884040e+000	2.508137e-001	
4.463501e-002	5.884040e+000	2.626342e-001	
4.673859e-002	5.884040e+000	2.750117e-001	
4.894131e-002	5.884040e+000	2.879726e-001	
5.124784e-002	5.884040e+000	3.015443e-001	
5.366308e-002	5.884039e+000	3.157557e-001	
5.619214e-002	5.884039e+000	3.306368e-001	
5.884039e-002	5.884039e+000	3.462192e-001	
6.161346e-002	5.884039e+000	3.625360e-001	
6.451721e-002	5.884039e+000	3.796218e-001	
6.755781e-002	5.884039e+000	3.975128e-001	
7.074171e-002	5.884039e+000	4.162470e-001	
7.407566e-002	5.884039e+000	4.358641e-001	
7.756674e-002	5.884039e+000	4.564057e-001	
8.122235e-002	5.884039e+000	4.779155e-001	
8.505024e-002	5.884039e+000	5.004389e-001	
8.905853e-002	5.884039e+000	5.240239e-001	
9.325573e-002	5.884039e+000	5.487203e-001	
9.765074e-002	5.884039e+000	5.745807e-001	
1.022529e-001	5.884038e+000	6.016598e-001	
1.070719e-001	5.884038e+000	6.300152e-001	
1.121180e-001	5.884038e+000	6.597069e-001	
1.174020e-001	5.884038e+000	6.907979e-001	
1.229350e-001	5.884038e+000	7.233541e-001	
1.287287e-001	5.884038e+000	7.574447e-001	
1.347955e-001	5.884038e+000	7.931419e-001	
1.411482e-001	5.884038e+000	8.305216e-001	
1.478003e-001	5.884037e+000	8.696627e-001	
1.547659e-001	5.884037e+000	9.106486e-001	
1.620598e-001	5.884037e+000	9.535662e-001	
1.696975e-001	5.884037e+000	9.985063e-001	
1.776951e-001	5.884037e+000	1.045564e+000	
1.860696e-001	5.884037e+000	1.094840e+000	
1.948388e-001	5.884037e+000	1.146438e+000	
2.040212e-001	5.884037e+000	1.200468e+000	
2.136364e-001	5.884036e+000	1.257045e+000	
2.237048e-001	5.884036e+000	1.316287e+000	
2.342477e-001	5.884036e+000	1.378322e+000	
2.452874e-001	5.884036e+000	1.443280e+000	
2.568475e-001	5.884036e+000	1.511300e+000	
2.689523e-001	5.884035e+000	1.582525e+000	
2.816276e-001	5.884035e+000	1.657107e+000	
2.949003e-001	5.884035e+000	1.735204e+000	
3.087985e-001	5.884034e+000	1.816981e+000	
3.233517e-001	5.884034e+000	1.902613e+000	
3.385908e-001	5.884034e+000	1.992280e+000	
3.545481e-001	5.884033e+000	2.086173e+000	
3.712574e-001	5.884033e+000	2.184491e+000	
3.887542e-001	5.884033e+000	2.287442e+000	
4.070756e-001	5.884032e+000	2.395246e+000	
4.262604e-001	5.884032e+000	2.508130e+000	
4.463494e-001	5.884031e+000	2.626334e+000	
4.673852e-001	5.884031e+000	2.750109e+000	
4.894123e-001	5.884030e+000	2.879717e+000	
5.124776e-001	5.884030e+000	3.015433e+000	
5.366299e-001	5.884029e+000	3.157546e+000	
5.619204e-001	5.884029e+000	3.306356e+000	
5.884029e-001	5.884028e+000	3.462179e+000	
6.161333e-001	5.884028e+000	3.625346e+000	
6.451707e-001	5.884027e+000	3.796202e+000	
6.755766e-001	5.884027e+000	3.975111e+000	
7.074155e-001	5.884026e+000	4.162451e+000	
7.407549e-001	5.884025e+000	4.358620e+000	
7.756655e-001	5.884025e+000	4.564035e+000	
8.122213e-001	5.884024e+000	4.779130e+000	
8.505000e-001	5.884023e+000	5.004362e+000	
8.905828e-001	5.884022e+000	5.240209e+000	
9.325545e-001	5.884021e+000	5.487171e+000	
9.765043e-001	5.884020e+000	5.745771e+000	
1.022525e+000	5.884019e+000	6.016559e+000	
1.070715e+000	5.884018e+000	6.300109e+000	
1.121176e+000	5.884017e+000	6.597021e+000	
1.174016e+000	5.884016e+000	6.907926e+000	
1.229345e+000	5.884015e+000	7.233484e+000	
1.287282e+000	5.884014e+000	7.574385e+000	
1.347949e+000	5.884012e+000	7.931351e+000	
1.411476e+000	5.884011e+000	8.305141e+000	
1.477996e+000	5.884010e+000	8.696546e+000	
1.547652e+000	5.884008e+000	9.106397e+000	
1.620590e+000	5.884007e+000	9.535562e+000	
1.696966e+000	5.884005e+000	9.984954e+000	
1.776941e+000	5.884004e+000	1.045552e+001	
1.860685e+000	5.884002e+000	1.094827e+001	
1.948375e+000	5.884000e+000	1.146424e+001	
2.040199e+000	5.883998e+000	1.200453e+001	
2.136350e+000	5.883996e+000	1.257027e+001	
2.237032e+000	5.883994e+000	1.316268e+001	
2.342459e+000	5.883991e+000	1.378301e+001	
2.452855e+000	5.883989e+000	1.443257e+001	
2.568453e+000	5.883986e+000	1.511274e+001	
2.689500e+000	5.883984e+000	1.582497e+001	
2.816251e+000	5.883981e+000	1.657077e+001	
2.948975e+000	5.883978e+000	1.735170e+001	
3.087954e+000	5.883976e+000	1.816945e+001	
3.233483e+000	5.883973e+000	1.902573e+001	
3.385871e+000	5.883969e+000	1.992236e+001	
3.545440e+000	5.883966e+000	2.086125e+001	
3.712529e+000	5.883962e+000	2.184438e+001	
3.887493e+000	5.883958e+000	2.287385e+001	
4.070702e+000	5.883955e+000	2.395183e+001	
4.262545e+000	5.883951e+000	2.508061e+001	
4.463429e+000	5.883946e+000	2.626258e+001	
4.673781e+000	5.883942e+000	2.750025e+001	
4.894045e+000	5.883937e+000	2.879625e+001	
5.124691e+000	5.883932e+000	3.015333e+001	
5.366205e+000	5.883927e+000	3.157436e+001	
5.619101e+000	5.883921e+000	3.306235e+001	
5.883915e+000	5.883915e+000	3.462046e+001	
6.161210e+000	5.883910e+000	3.625200e+001	
6.451571e+000	5.883903e+000	3.796042e+001	
6.755617e+000	5.883896e+000	3.974935e+001	
7.073991e+000	5.883890e+000	4.162258e+001	
7.407369e+000	5.883883e+000	4.358409e+001	
7.756457e+000	5.883875e+000	4.563802e+001	
8.121997e+000	5.883867e+000	4.778875e+001	
8.504763e+000	5.883858e+000	5.004082e+001	
8.905566e+000	5.883850e+000	5.239901e+001	
9.325258e+000	5.883840e+000	5.486833e+001	
9.764728e+000	5.883831e+000	5.745400e+001	
1.022491e+001	5.883820e+000	6.016152e+001	
1.070677e+001	5.883810e+000	6.299661e+001	
1.121135e+001	5.883798e+000	6.596530e+001	
1.173970e+001	5.883786e+000	6.907387e+001	
1.229295e+001	5.883774e+000	7.232891e+001	
1.287227e+001	5.883761e+000	7.573733e+001	
1.347889e+001	5.883747e+000	7.930635e+001	
1.411409e+001	5.883732e+000	8.304353e+001	
1.477923e+001	5.883717e+000	8.695680e+001	
1.547571e+001	5.883701e+000	9.105446e+001	
1.620501e+001	5.883685e+000	9.534519e+001	
1.696868e+001	5.883667e+000	9.983805e+001	
1.776833e+001	5.883648e+000	1.045426e+002	
1.860567e+001	5.883628e+000	1.094688e+002	
1.948246e+001	5.883608e+000	1.146271e+002	
2.040056e+001	5.883586e+000	1.200285e+002	
2.136193e+001	5.883563e+000	1.256842e+002	
2.236859e+001	5.883539e+000	1.316065e+002	
2.342269e+001	5.883513e+000	1.378077e+002	
2.452645e+001	5.883486e+000	1.443010e+002	
2.568222e+001	5.883458e+000	1.511003e+002	
2.689245e+001	5.883428e+000	1.582198e+002	
2.815970e+001	5.883396e+000	1.656747e+002	
2.948666e+001	5.883362e+000	1.734807e+002	
3.087614e+001	5.883327e+000	1.816544e+002	
3.233108e+001	5.883289e+000	1.902131e+002	
3.385457e+001	5.883250e+000	1.991749e+002	
3.544983e+001	5.883208e+000	2.085587e+002	
3.712025e+001	5.883163e+000	2.183845e+002	
3.886936e+001	5.883116e+000	2.286730e+002	
4.070087e+001	5.883066e+000	2.394459e+002	
4.261866e+001	5.883012e+000	2.507261e+002	
4.462678e+001	5.882956e+000	2.625374e+002	
4.672950e+001	5.882895e+000	2.749047e+002	
4.893126e+001	5.882831e+000	2.878543e+002	
5.123671e+001	5.882762e+000	3.014134e+002	
5.365076e+001	5.882689e+000	3.156107e+002	
5.617849e+001	5.882610e+000	3.304762e+002	
5.882526e+001	5.882526e+000	3.460412e+002	
6.159667e+001	5.882437e+000	3.623385e+002	
6.449858e+001	5.882340e+000	3.794026e+002	
6.753711e+001	5.882236e+000	3.972692e+002	
7.071870e+001	5.882125e+000	4.159762e+002	
7.405005e+001	5.882005e+000	4.355627e+002	
7.753821e+001	5.881875e+000	4.560700e+002	
8.119053e+001	5.881734e+000	4.775411e+002	
8.501472e+001	5.881581e+000	5.000210e+002	
8.901882e+001	5.881415e+000	5.235567e+002	
9.321128e+001	5.881234e+000	5.481974e+002	
9.760091e+001	5.881036e+000	5.739945e+002	
1.021969e+002	5.880820e+000	6.010017e+002	
1.070090e+002	5.880581e+000	6.292751e+002	
1.120472e+002	5.880319e+000	6.588731e+002	
1.173220e+002	5.880029e+000	6.898567e+002	
1.228445e+002	5.879706e+000	7.222895e+002	
1.286261e+002	5.879348e+000	7.562377e+002	
1.346789e+002	5.878946e+000	7.917699e+002	
1.410153e+002	5.878496e+000	8.289578e+002	
1.476484e+002	5.877987e+000	8.678752e+002	
1.545917e+002	5.877411e+000	9.085987e+002	
1.618593e+002	5.876755e+000	9.512072e+002	
1.694658e+002	5.876004e+000	9.957817e+002	
1.774264e+002	5.875139e+000	1.042405e+003	
1.857566e+002	5.874138e+000	1.091160e+003	
1.944724e+002	5.872972e+000	1.142131e+003	
2.035902e+002	5.871605e+000	1.195401e+003	
2.131265e+002	5.869992e+000	1.251051e+003	
2.230980e+002	5.868074e+000	1.309156e+003	
2.335209e+002	5.865779e+000	1.369782e+003	
2.444109e+002	5.863010e+000	1.432984e+003	
2.557827e+002	5.859643e+000	1.498795e+003	
2.676487e+002	5.855515e+000	1.567221e+003	
2.800184e+002	5.850414e+000	1.638224e+003	
2.928967e+002	5.844058e+000	1.711705e+003	
3.062817e+002	5.836077e+000	1.787483e+003	
3.201616e+002	5.825984e+000	1.865256e+003	
3.345116e+002	5.813146e+000	1.944565e+003	
3.492892e+002	5.796759e+000	2.024745e+003	
3.644304e+002	5.775832e+000	2.104888e+003	
3.798466e+002	5.749211e+000	2.183818e+003	
3.954267e+002	5.715655e+000	2.260123e+003	
4.110432e+002	5.673975e+000	2.332249e+003	
4.265655e+002	5.623229e+000	2.398675e+003	
4.418760e+002	5.562889e+000	2.458107e+003	
4.568824e+002	5.492935e+000	2.509626e+003	
4.715246e+002	5.413826e+000	2.552752e+003	
4.857716e+002	5.326380e+000	2.587404e+003	
4.996160e+002	5.231622e+000	2.613802e+003	
5.130650e+002	5.130650e+000	2.632357e+003	
5.261339e+002	5.024539e+000	2.643580e+003	
5.388412e+002	4.914290e+000	2.648022e+003	
5.512054e+002	4.800799e+000	2.646226e+003	
5.632438e+002	4.684858e+000	2.638718e+003	
5.749715e+002	4.567161e+000	2.625987e+003	
5.864012e+002	4.448308e+000	2.608494e+003	
5.975438e+002	4.328822e+000	2.586660e+003	
6.084079e+002	4.209155e+000	2.560883e+003	
6.190010e+002	4.089699e+000	2.531528e+003	
6.293291e+002	3.970798e+000	2.498939e+003	
6.393972e+002	3.852749e+000	2.463437e+003	
6.492094e+002	3.735810e+000	2.425323e+003	
6.587696e+002	3.620208e+000	2.384883e+003	
6.680809e+002	3.506139e+000	2.342384e+003	
6.771464e+002	3.393771e+000	2.298080e+003	
6.859688e+002	3.283253e+000	2.252209e+003	
6.945507e+002	3.174709e+000	2.204996e+003	
7.028949e+002	3.068248e+000	2.156656e+003	
7.110042e+002	2.963959e+000	2.107387e+003	
7.188812e+002	2.861917e+000	2.057378e+003	
7.265288e+002	2.762185e+000	2.006807e+003	
7.339501e+002	2.664812e+000	1.955839e+003	
7.411481e+002	2.569834e+000	1.904627e+003	
7.481263e+002	2.477279e+000	1.853317e+003	
7.548878e+002	2.387165e+000	1.802042e+003	
7.614364e+002	2.299501e+000	1.750924e+003	
7.677757e+002	2.214289e+000	1.700077e+003	
7.739095e+002	2.131524e+000	1.649606e+003	
7.798417e+002	2.051193e+000	1.599605e+003	
7.855764e+002	1.973279e+000	1.550161e+003	
7.911177e+002	1.897759e+000	1.501351e+003	
7.964698e+002	1.824607e+000	1.453244e+003	
8.016371e+002	1.753791e+000	1.405904e+003	
8.066238e+002	1.685276e+000	1.359384e+003	
8.114344e+002	1.619024e+000	1.313732e+003	
8.160733e+002	1.554996e+000	1.268990e+003	
8.205450e+002	1.493146e+000	1.225194e+003	
8.248539e+002	1.433432e+000	1.182372e+003	
8.290045e+002	1.375805e+000	1.140548e+003	
8.330012e+002	1.320218e+000	1.099743e+003	
8.368486e+002	1.266622e+000	1.059971e+003	
8.405510e+002	1.214966e+000	1.021241e+003	
8.441127e+002	1.165200e+000	9.835602e+002	
8.475382e+002	1.117273e+000	9.469315e+002	
8.508317e+002	1.071134e+000	9.113544e+002	
8.539973e+002	1.026731e+000	8.768251e+002	
8.570393e+002	9.840127e-001	8.433376e+002	
8.599617e+002	9.429293e-001	8.108831e+002	
8.627686e+002	9.034296e-001	7.794507e+002	
8.654638e+002	8.654638e-001	7.490276e+002	
8.680513e+002	8.289825e-001	7.195993e+002	
8.705347e+002	7.939371e-001	6.911498e+002	
8.729178e+002	7.602797e-001	6.636617e+002	
8.752042e+002	7.279631e-001	6.371164e+002	
8.773973e+002	6.969415e-001	6.114946e+002	
8.795007e+002	6.671695e-001	5.867760e+002	
8.815175e+002	6.386029e-001	5.629396e+002	
8.834509e+002	6.111987e-001	5.399641e+002	
8.853043e+002	5.849147e-001	5.178275e+002	
8.870805e+002	5.597100e-001	4.965078e+002	
8.887825e+002	5.355445e-001	4.759826e+002	
8.904133e+002	5.123793e-001	4.562294e+002	
8.919755e+002	4.901770e-001	4.372258e+002	
8.934718e+002	4.689007e-001	4.189495e+002	
8.949049e+002	4.485149e-001	4.013782e+002	
8.962773e+002	4.289853e-001	3.844898e+002	
8.975913e+002	4.102784e-001	3.682623e+002	
8.988493e+002	3.923619e-001	3.526743e+002	
9.000535e+002	3.752048e-001	3.377044e+002	
9.012062e+002	3.587767e-001	3.233318e+002	
9.023094e+002	3.430485e-001	3.095359e+002	
9.033652e+002	3.279921e-001	2.962966e+002	
9.043755e+002	3.135803e-001	2.835943e+002	
9.053422e+002	2.997870e-001	2.714098e+002	
9.062670e+002	2.865868e-001	2.597241e+002	
9.071517e+002	2.739554e-001	2.485191e+002	
9.079981e+002	2.618695e-001	2.377770e+002	
9.088077e+002	2.503064e-001	2.274804e+002	
9.095820e+002	2.392444e-001	2.176124e+002	
9.103226e+002	2.286627e-001	2.081568e+002	
9.110308e+002	2.185411e-001	1.990976e+002	
9.117081e+002	2.088602e-001	1.904196e+002	
9.123557e+002	1.996017e-001	1.821077e+002	
9.129749e+002	1.907475e-001	1.741477e+002	
9.135670e+002	1.822806e-001	1.665255e+002	
9.141330e+002	1.741844e-001	1.592277e+002	
9.146724e+002	1.664430e-001	1.522408e+002	
9.151895e+002	1.590417e-001	1.455533e+002	
9.156839e+002	1.519657e-001	1.391526e+002	
9.161565e+002	1.452010e-001	1.330269e+002	
9.166082e+002	1.387343e-001	1.271650e+002	
9.170400e+002	1.325526e-001	1.215560e+002	
9.174526e+002	1.266437e-001	1.161896e+002	
9.178470e+002	1.209958e-001	1.110556e+002	
9.182239e+002	1.155975e-001	1.061444e+002	
9.185840e+002	1.104381e-001	1.014467e+002	
9.189283e+002	1.055071e-001	9.695344e+001	
9.192572e+002	1.007945e-001	9.265611e+001	
9.195715e+002	9.629096e-002	8.854643e+001	
9.198719e+002	9.198719e-002	8.461643e+001	
9.201589e+002	8.787449e-002	8.085849e+001	
9.204331e+002	8.394450e-002	7.726530e+001	
9.206951e+002	8.018919e-002	7.382980e+001	
9.209454e+002	7.660091e-002	7.054526e+001	
9.211846e+002	7.317229e-002	6.740519e+001	
9.214131e+002	6.989634e-002	6.440341e+001	
9.216315e+002	6.676630e-002	6.153393e+001	
9.218401e+002	6.377576e-002	5.879105e+001	
9.220394e+002	6.091854e-002	5.616929e+001	
9.222291e+002	5.818872e-002	5.366333e+001	
9.224008e+002	5.558015e-002	5.126717e+001	
9.225200e+002	5.308548e-002	4.897242e+001	
9.225911e+002	5.070015e-002	4.677551e+001	
9.226415e+002	4.842091e-002	4.467514e+001	
9.226819e+002	4.624364e-002	4.266817e+001	
9.227167e+002	4.416399e-002	4.075085e+001	
9.227475e+002	4.217770e-002	3.891936e+001	
9.227755e+002	4.028061e-002	3.716995e+001	
9.228011e+002	3.846875e-002	3.549901e+001	
9.228249e+002	3.673832e-002	3.390304e+001	
9.228471e+002	3.508567e-002	3.237871e+001	
9.228679e+002	3.350731e-002	3.092282e+001	
9.228874e+002	3.199991e-002	2.953231e+001	
9.229058e+002	3.056028e-002	2.820426e+001	
9.229232e+002	2.918539e-002	2.693588e+001	
9.229396e+002	2.787233e-002	2.572448e+001	
9.229552e+002	2.661832e-002	2.456752e+001	
9.229699e+002	2.542070e-002	2.346254e+001	
9.229839e+002	2.427695e-002	2.240723e+001	
9.229972e+002	2.318464e-002	2.139936e+001	
9.230098e+002	2.214146e-002	2.043679e+001	
9.230218e+002	2.114521e-002	1.951749e+001	
9.230332e+002	2.019376e-002	1.863952e+001	
9.230440e+002	1.928512e-002	1.780102e+001	
9.230544e+002	1.841736e-002	1.700022e+001	
9.230641e+002	1.758862e-002	1.623543e+001	
9.230735e+002	1.679718e-002	1.550503e+001	
9.230825e+002	1.604133e-002	1.480747e+001	
9.230909e+002	1.531950e-002	1.414129e+001	
9.230990e+002	1.463013e-002	1.350506e+001	
9.231068e+002	1.397179e-002	1.289745e+001	
9.231141e+002	1.334306e-002	1.231716e+001	
9.231211e+002	1.274262e-002	1.176298e+001	
9.231277e+002	1.216919e-002	1.123372e+001	
9.231342e+002	1.162157e-002	1.072827e+001	
9.231402e+002	1.109859e-002	1.024555e+001	
9.231460e+002	1.059913e-002	9.784549e+000	
9.231515e+002	1.012215e-002	9.344282e+000	
9.231568e+002	9.666638e-003	8.923823e+000	
9.231618e+002	9.231618e-003	8.522277e+000	
