V(out)	I(R1)	power

%Step Information: Ifailure1=58.89m Ifailure2=5.889  (Run: 19/24)
5.888755e-020	5.888755e+000	3.467744e-019	
6.166284e-020	5.888755e+000	3.631174e-019	
6.456892e-020	5.888755e+000	3.802306e-019	
6.761195e-020	5.888755e+000	3.981502e-019	
7.079841e-020	5.888755e+000	4.169145e-019	
7.413503e-020	5.888755e+000	4.365631e-019	
7.762891e-020	5.888755e+000	4.571377e-019	
8.128745e-020	5.888755e+000	4.786819e-019	
8.511841e-020	5.888755e+000	5.012415e-019	
8.912991e-020	5.888755e+000	5.248642e-019	
9.333048e-020	5.888755e+000	5.496004e-019	
9.772901e-020	5.888755e+000	5.755022e-019	
1.023348e-019	5.888755e+000	6.026248e-019	
1.071577e-019	5.888755e+000	6.310256e-019	
1.122079e-019	5.888755e+000	6.607650e-019	
1.174961e-019	5.888755e+000	6.919058e-019	
1.230335e-019	5.888755e+000	7.245144e-019	
1.288319e-019	5.888755e+000	7.586597e-019	
1.349036e-019	5.888755e+000	7.944142e-019	
1.412614e-019	5.888755e+000	8.318538e-019	
1.479188e-019	5.888755e+000	8.710579e-019	
1.548900e-019	5.888755e+000	9.121095e-019	
1.621898e-019	5.888755e+000	9.550960e-019	
1.698336e-019	5.888755e+000	1.000108e-018	
1.778376e-019	5.888755e+000	1.047242e-018	
1.862188e-019	5.888755e+000	1.096597e-018	
1.949950e-019	5.888755e+000	1.148278e-018	
2.041848e-019	5.888755e+000	1.202395e-018	
2.138078e-019	5.888755e+000	1.259062e-018	
2.238842e-019	5.888755e+000	1.318399e-018	
2.344356e-019	5.888755e+000	1.380534e-018	
2.454842e-019	5.888755e+000	1.445596e-018	
2.570535e-019	5.888755e+000	1.513725e-018	
2.691680e-019	5.888755e+000	1.585065e-018	
2.818535e-019	5.888755e+000	1.659767e-018	
2.951369e-019	5.888755e+000	1.737989e-018	
3.090463e-019	5.888755e+000	1.819898e-018	
3.236112e-019	5.888755e+000	1.905667e-018	
3.388625e-019	5.888755e+000	1.995478e-018	
3.548326e-019	5.888755e+000	2.089522e-018	
3.715553e-019	5.888755e+000	2.187998e-018	
3.890662e-019	5.888755e+000	2.291116e-018	
4.074023e-019	5.888755e+000	2.399093e-018	
4.266026e-019	5.888755e+000	2.512158e-018	
4.467078e-019	5.888755e+000	2.630553e-018	
4.677605e-019	5.888755e+000	2.754527e-018	
4.898053e-019	5.888755e+000	2.884344e-018	
5.128892e-019	5.888755e+000	3.020279e-018	
5.370609e-019	5.888755e+000	3.162620e-018	
5.623718e-019	5.888755e+000	3.311670e-018	
5.888755e-019	5.888755e+000	3.467744e-018	
6.166284e-019	5.888755e+000	3.631173e-018	
6.456892e-019	5.888755e+000	3.802306e-018	
6.761195e-019	5.888755e+000	3.981503e-018	
7.079841e-019	5.888755e+000	4.169145e-018	
7.413503e-019	5.888755e+000	4.365631e-018	
7.762891e-019	5.888755e+000	4.571377e-018	
8.128745e-019	5.888755e+000	4.786819e-018	
8.511841e-019	5.888755e+000	5.012415e-018	
8.912991e-019	5.888755e+000	5.248642e-018	
9.333048e-019	5.888755e+000	5.496004e-018	
9.772901e-019	5.888755e+000	5.755022e-018	
1.023348e-018	5.888755e+000	6.026248e-018	
1.071577e-018	5.888755e+000	6.310256e-018	
1.122079e-018	5.888755e+000	6.607650e-018	
1.174961e-018	5.888755e+000	6.919059e-018	
1.230335e-018	5.888755e+000	7.245144e-018	
1.288319e-018	5.888755e+000	7.586597e-018	
1.349036e-018	5.888755e+000	7.944142e-018	
1.412614e-018	5.888755e+000	8.318538e-018	
1.479188e-018	5.888755e+000	8.710578e-018	
1.548900e-018	5.888755e+000	9.121096e-018	
1.621898e-018	5.888755e+000	9.550959e-018	
1.698335e-018	5.888755e+000	1.000108e-017	
1.778376e-018	5.888755e+000	1.047242e-017	
1.862188e-018	5.888755e+000	1.096597e-017	
1.949950e-018	5.888755e+000	1.148278e-017	
2.041848e-018	5.888755e+000	1.202395e-017	
2.138078e-018	5.888755e+000	1.259062e-017	
2.238842e-018	5.888755e+000	1.318399e-017	
2.344356e-018	5.888755e+000	1.380534e-017	
2.454842e-018	5.888755e+000	1.445596e-017	
2.570535e-018	5.888755e+000	1.513725e-017	
2.691680e-018	5.888755e+000	1.585065e-017	
2.818535e-018	5.888755e+000	1.659767e-017	
2.951369e-018	5.888755e+000	1.737989e-017	
3.090463e-018	5.888755e+000	1.819898e-017	
3.236112e-018	5.888755e+000	1.905667e-017	
3.388625e-018	5.888755e+000	1.995478e-017	
3.548326e-018	5.888755e+000	2.089522e-017	
3.715553e-018	5.888755e+000	2.187999e-017	
3.890662e-018	5.888755e+000	2.291116e-017	
4.074023e-018	5.888755e+000	2.399093e-017	
4.266026e-018	5.888755e+000	2.512158e-017	
4.467078e-018	5.888755e+000	2.630553e-017	
4.677605e-018	5.888755e+000	2.754527e-017	
4.898053e-018	5.888755e+000	2.884344e-017	
5.128891e-018	5.888755e+000	3.020279e-017	
5.370609e-018	5.888755e+000	3.162620e-017	
5.623718e-018	5.888755e+000	3.311670e-017	
5.888755e-018	5.888755e+000	3.467744e-017	
6.166284e-018	5.888755e+000	3.631174e-017	
6.456892e-018	5.888755e+000	3.802305e-017	
6.761196e-018	5.888755e+000	3.981503e-017	
7.079841e-018	5.888755e+000	4.169145e-017	
7.413504e-018	5.888755e+000	4.365631e-017	
7.762892e-018	5.888755e+000	4.571377e-017	
8.128745e-018	5.888755e+000	4.786819e-017	
8.511841e-018	5.888755e+000	5.012415e-017	
8.912992e-018	5.888755e+000	5.248643e-017	
9.333048e-018	5.888755e+000	5.496004e-017	
9.772901e-018	5.888755e+000	5.755022e-017	
1.023348e-017	5.888755e+000	6.026248e-017	
1.071577e-017	5.888755e+000	6.310256e-017	
1.122079e-017	5.888755e+000	6.607650e-017	
1.174961e-017	5.888755e+000	6.919058e-017	
1.230335e-017	5.888755e+000	7.245143e-017	
1.288319e-017	5.888755e+000	7.586597e-017	
1.349036e-017	5.888755e+000	7.944142e-017	
1.412614e-017	5.888755e+000	8.318538e-017	
1.479188e-017	5.888755e+000	8.710578e-017	
1.548900e-017	5.888755e+000	9.121095e-017	
1.621898e-017	5.888755e+000	9.550960e-017	
1.698335e-017	5.888755e+000	1.000108e-016	
1.778376e-017	5.888755e+000	1.047242e-016	
1.862188e-017	5.888755e+000	1.096597e-016	
1.949950e-017	5.888755e+000	1.148278e-016	
2.041848e-017	5.888755e+000	1.202395e-016	
2.138078e-017	5.888755e+000	1.259062e-016	
2.238842e-017	5.888755e+000	1.318399e-016	
2.344356e-017	5.888755e+000	1.380534e-016	
2.454842e-017	5.888755e+000	1.445596e-016	
2.570535e-017	5.888755e+000	1.513725e-016	
2.691680e-017	5.888755e+000	1.585065e-016	
2.818536e-017	5.888755e+000	1.659767e-016	
2.951369e-017	5.888755e+000	1.737989e-016	
3.090463e-017	5.888755e+000	1.819898e-016	
3.236112e-017	5.888755e+000	1.905667e-016	
3.388625e-017	5.888755e+000	1.995478e-016	
3.548326e-017	5.888755e+000	2.089522e-016	
3.715553e-017	5.888755e+000	2.187998e-016	
3.890662e-017	5.888755e+000	2.291116e-016	
4.074023e-017	5.888755e+000	2.399093e-016	
4.266026e-017	5.888755e+000	2.512158e-016	
4.467078e-017	5.888755e+000	2.630553e-016	
4.677604e-017	5.888755e+000	2.754527e-016	
4.898053e-017	5.888755e+000	2.884344e-016	
5.128891e-017	5.888755e+000	3.020279e-016	
5.370608e-017	5.888755e+000	3.162620e-016	
5.623718e-017	5.888755e+000	3.311670e-016	
5.888755e-017	5.888755e+000	3.467744e-016	
6.166283e-017	5.888755e+000	3.631173e-016	
6.456892e-017	5.888755e+000	3.802306e-016	
6.761196e-017	5.888755e+000	3.981503e-016	
7.079841e-017	5.888755e+000	4.169145e-016	
7.413504e-017	5.888755e+000	4.365631e-016	
7.762891e-017	5.888755e+000	4.571376e-016	
8.128745e-017	5.888755e+000	4.786819e-016	
8.511841e-017	5.888755e+000	5.012415e-016	
8.912992e-017	5.888755e+000	5.248643e-016	
9.333048e-017	5.888755e+000	5.496003e-016	
9.772901e-017	5.888755e+000	5.755022e-016	
1.023348e-016	5.888755e+000	6.026248e-016	
1.071577e-016	5.888755e+000	6.310256e-016	
1.122079e-016	5.888755e+000	6.607649e-016	
1.174961e-016	5.888755e+000	6.919058e-016	
1.230335e-016	5.888755e+000	7.245144e-016	
1.288319e-016	5.888755e+000	7.586597e-016	
1.349036e-016	5.888755e+000	7.944142e-016	
1.412614e-016	5.888755e+000	8.318538e-016	
1.479188e-016	5.888755e+000	8.710579e-016	
1.548900e-016	5.888755e+000	9.121096e-016	
1.621898e-016	5.888755e+000	9.550960e-016	
1.698335e-016	5.888755e+000	1.000108e-015	
1.778376e-016	5.888755e+000	1.047242e-015	
1.862188e-016	5.888755e+000	1.096597e-015	
1.949950e-016	5.888755e+000	1.148278e-015	
2.041848e-016	5.888755e+000	1.202395e-015	
2.138078e-016	5.888755e+000	1.259062e-015	
2.238842e-016	5.888755e+000	1.318399e-015	
2.344356e-016	5.888755e+000	1.380534e-015	
2.454842e-016	5.888755e+000	1.445596e-015	
2.570535e-016	5.888755e+000	1.513725e-015	
2.691680e-016	5.888755e+000	1.585065e-015	
2.818535e-016	5.888755e+000	1.659767e-015	
2.951369e-016	5.888755e+000	1.737989e-015	
3.090463e-016	5.888755e+000	1.819898e-015	
3.236112e-016	5.888755e+000	1.905667e-015	
3.388625e-016	5.888755e+000	1.995478e-015	
3.548326e-016	5.888755e+000	2.089522e-015	
3.715553e-016	5.888755e+000	2.187998e-015	
3.890662e-016	5.888755e+000	2.291116e-015	
4.074023e-016	5.888755e+000	2.399093e-015	
4.266026e-016	5.888755e+000	2.512158e-015	
4.467078e-016	5.888755e+000	2.630553e-015	
4.677604e-016	5.888755e+000	2.754527e-015	
4.898053e-016	5.888755e+000	2.884344e-015	
5.128891e-016	5.888755e+000	3.020279e-015	
5.370609e-016	5.888755e+000	3.162620e-015	
5.623717e-016	5.888755e+000	3.311670e-015	
5.888755e-016	5.888755e+000	3.467744e-015	
6.166283e-016	5.888755e+000	3.631173e-015	
6.456891e-016	5.888755e+000	3.802305e-015	
6.761195e-016	5.888755e+000	3.981503e-015	
7.079841e-016	5.888755e+000	4.169145e-015	
7.413503e-016	5.888755e+000	4.365631e-015	
7.762891e-016	5.888755e+000	4.571377e-015	
8.128745e-016	5.888755e+000	4.786819e-015	
8.511841e-016	5.888755e+000	5.012415e-015	
8.912992e-016	5.888755e+000	5.248643e-015	
9.333048e-016	5.888755e+000	5.496004e-015	
9.772901e-016	5.888755e+000	5.755022e-015	
1.023348e-015	5.888755e+000	6.026248e-015	
1.071577e-015	5.888755e+000	6.310256e-015	
1.122079e-015	5.888755e+000	6.607650e-015	
1.174961e-015	5.888755e+000	6.919059e-015	
1.230335e-015	5.888755e+000	7.245144e-015	
1.288319e-015	5.888755e+000	7.586597e-015	
1.349036e-015	5.888755e+000	7.944142e-015	
1.412614e-015	5.888755e+000	8.318538e-015	
1.479188e-015	5.888755e+000	8.710579e-015	
1.548900e-015	5.888755e+000	9.121096e-015	
1.621898e-015	5.888755e+000	9.550960e-015	
1.698336e-015	5.888755e+000	1.000108e-014	
1.778376e-015	5.888755e+000	1.047242e-014	
1.862188e-015	5.888755e+000	1.096597e-014	
1.949950e-015	5.888755e+000	1.148278e-014	
2.041848e-015	5.888755e+000	1.202395e-014	
2.138078e-015	5.888755e+000	1.259062e-014	
2.238842e-015	5.888755e+000	1.318399e-014	
2.344356e-015	5.888755e+000	1.380534e-014	
2.454842e-015	5.888755e+000	1.445596e-014	
2.570535e-015	5.888755e+000	1.513725e-014	
2.691680e-015	5.888755e+000	1.585065e-014	
2.818535e-015	5.888755e+000	1.659767e-014	
2.951369e-015	5.888755e+000	1.737989e-014	
3.090463e-015	5.888755e+000	1.819898e-014	
3.236112e-015	5.888755e+000	1.905667e-014	
3.388625e-015	5.888755e+000	1.995478e-014	
3.548326e-015	5.888755e+000	2.089522e-014	
3.715553e-015	5.888755e+000	2.187998e-014	
3.890662e-015	5.888755e+000	2.291116e-014	
4.074023e-015	5.888755e+000	2.399093e-014	
4.266026e-015	5.888755e+000	2.512158e-014	
4.467078e-015	5.888755e+000	2.630553e-014	
4.677604e-015	5.888755e+000	2.754527e-014	
4.898053e-015	5.888755e+000	2.884344e-014	
5.128891e-015	5.888755e+000	3.020279e-014	
5.370609e-015	5.888755e+000	3.162620e-014	
5.623717e-015	5.888755e+000	3.311670e-014	
5.888755e-015	5.888755e+000	3.467744e-014	
6.166284e-015	5.888755e+000	3.631174e-014	
6.456891e-015	5.888755e+000	3.802305e-014	
6.761196e-015	5.888755e+000	3.981503e-014	
7.079841e-015	5.888755e+000	4.169145e-014	
7.413503e-015	5.888755e+000	4.365631e-014	
7.762891e-015	5.888755e+000	4.571377e-014	
8.128745e-015	5.888755e+000	4.786819e-014	
8.511841e-015	5.888755e+000	5.012415e-014	
8.912991e-015	5.888755e+000	5.248643e-014	
9.333048e-015	5.888755e+000	5.496003e-014	
9.772901e-015	5.888755e+000	5.755022e-014	
1.023348e-014	5.888755e+000	6.026248e-014	
1.071577e-014	5.888755e+000	6.310257e-014	
1.122079e-014	5.888755e+000	6.607649e-014	
1.174961e-014	5.888755e+000	6.919059e-014	
1.230335e-014	5.888755e+000	7.245144e-014	
1.288319e-014	5.888755e+000	7.586597e-014	
1.349036e-014	5.888755e+000	7.944142e-014	
1.412614e-014	5.888755e+000	8.318538e-014	
1.479188e-014	5.888755e+000	8.710578e-014	
1.548900e-014	5.888755e+000	9.121095e-014	
1.621898e-014	5.888755e+000	9.550960e-014	
1.698335e-014	5.888755e+000	1.000108e-013	
1.778376e-014	5.888755e+000	1.047242e-013	
1.862188e-014	5.888755e+000	1.096597e-013	
1.949950e-014	5.888755e+000	1.148278e-013	
2.041848e-014	5.888755e+000	1.202395e-013	
2.138078e-014	5.888755e+000	1.259062e-013	
2.238842e-014	5.888755e+000	1.318399e-013	
2.344356e-014	5.888755e+000	1.380534e-013	
2.454842e-014	5.888755e+000	1.445596e-013	
2.570535e-014	5.888755e+000	1.513725e-013	
2.691680e-014	5.888755e+000	1.585065e-013	
2.818535e-014	5.888755e+000	1.659766e-013	
2.951369e-014	5.888755e+000	1.737989e-013	
3.090463e-014	5.888755e+000	1.819898e-013	
3.236112e-014	5.888755e+000	1.905667e-013	
3.388625e-014	5.888755e+000	1.995478e-013	
3.548326e-014	5.888755e+000	2.089522e-013	
3.715553e-014	5.888755e+000	2.187998e-013	
3.890662e-014	5.888755e+000	2.291116e-013	
4.074023e-014	5.888755e+000	2.399093e-013	
4.266026e-014	5.888755e+000	2.512158e-013	
4.467078e-014	5.888755e+000	2.630553e-013	
4.677605e-014	5.888755e+000	2.754527e-013	
4.898053e-014	5.888755e+000	2.884344e-013	
5.128891e-014	5.888755e+000	3.020279e-013	
5.370608e-014	5.888755e+000	3.162620e-013	
5.623717e-014	5.888755e+000	3.311670e-013	
5.888755e-014	5.888755e+000	3.467744e-013	
6.166283e-014	5.888755e+000	3.631173e-013	
6.456891e-014	5.888755e+000	3.802305e-013	
6.761195e-014	5.888755e+000	3.981502e-013	
7.079841e-014	5.888755e+000	4.169145e-013	
7.413503e-014	5.888755e+000	4.365631e-013	
7.762891e-014	5.888755e+000	4.571377e-013	
8.128745e-014	5.888755e+000	4.786819e-013	
8.511841e-014	5.888755e+000	5.012415e-013	
8.912992e-014	5.888755e+000	5.248643e-013	
9.333048e-014	5.888755e+000	5.496004e-013	
9.772901e-014	5.888755e+000	5.755022e-013	
1.023348e-013	5.888755e+000	6.026248e-013	
1.071577e-013	5.888755e+000	6.310256e-013	
1.122079e-013	5.888755e+000	6.607650e-013	
1.174961e-013	5.888755e+000	6.919059e-013	
1.230335e-013	5.888755e+000	7.245143e-013	
1.288319e-013	5.888755e+000	7.586597e-013	
1.349036e-013	5.888755e+000	7.944142e-013	
1.412614e-013	5.888755e+000	8.318538e-013	
1.479188e-013	5.888755e+000	8.710579e-013	
1.548900e-013	5.888755e+000	9.121096e-013	
1.621898e-013	5.888755e+000	9.550960e-013	
1.698335e-013	5.888755e+000	1.000108e-012	
1.778376e-013	5.888755e+000	1.047242e-012	
1.862188e-013	5.888755e+000	1.096597e-012	
1.949950e-013	5.888755e+000	1.148278e-012	
2.041848e-013	5.888755e+000	1.202395e-012	
2.138078e-013	5.888755e+000	1.259062e-012	
2.238842e-013	5.888755e+000	1.318399e-012	
2.344356e-013	5.888755e+000	1.380534e-012	
2.454842e-013	5.888755e+000	1.445596e-012	
2.570535e-013	5.888755e+000	1.513725e-012	
2.691680e-013	5.888755e+000	1.585065e-012	
2.818535e-013	5.888755e+000	1.659766e-012	
2.951369e-013	5.888755e+000	1.737989e-012	
3.090463e-013	5.888755e+000	1.819898e-012	
3.236112e-013	5.888755e+000	1.905667e-012	
3.388625e-013	5.888755e+000	1.995478e-012	
3.548326e-013	5.888755e+000	2.089522e-012	
3.715553e-013	5.888755e+000	2.187998e-012	
3.890662e-013	5.888755e+000	2.291116e-012	
4.074023e-013	5.888755e+000	2.399093e-012	
4.266026e-013	5.888755e+000	2.512158e-012	
4.467077e-013	5.888755e+000	2.630553e-012	
4.677604e-013	5.888755e+000	2.754527e-012	
4.898053e-013	5.888755e+000	2.884344e-012	
5.128892e-013	5.888755e+000	3.020279e-012	
5.370608e-013	5.888755e+000	3.162620e-012	
5.623718e-013	5.888755e+000	3.311670e-012	
5.888755e-013	5.888755e+000	3.467744e-012	
6.166284e-013	5.888755e+000	3.631174e-012	
6.456892e-013	5.888755e+000	3.802306e-012	
6.761195e-013	5.888755e+000	3.981503e-012	
7.079841e-013	5.888755e+000	4.169145e-012	
7.413503e-013	5.888755e+000	4.365631e-012	
7.762891e-013	5.888755e+000	4.571377e-012	
8.128745e-013	5.888755e+000	4.786819e-012	
8.511841e-013	5.888755e+000	5.012415e-012	
8.912991e-013	5.888755e+000	5.248643e-012	
9.333048e-013	5.888755e+000	5.496003e-012	
9.772901e-013	5.888755e+000	5.755022e-012	
1.023348e-012	5.888755e+000	6.026248e-012	
1.071577e-012	5.888755e+000	6.310256e-012	
1.122079e-012	5.888755e+000	6.607650e-012	
1.174961e-012	5.888755e+000	6.919059e-012	
1.230335e-012	5.888755e+000	7.245143e-012	
1.288319e-012	5.888755e+000	7.586597e-012	
1.349036e-012	5.888755e+000	7.944142e-012	
1.412614e-012	5.888755e+000	8.318538e-012	
1.479188e-012	5.888755e+000	8.710579e-012	
1.548900e-012	5.888755e+000	9.121096e-012	
1.621898e-012	5.888755e+000	9.550959e-012	
1.698335e-012	5.888755e+000	1.000108e-011	
1.778376e-012	5.888755e+000	1.047242e-011	
1.862188e-012	5.888755e+000	1.096597e-011	
1.949950e-012	5.888755e+000	1.148278e-011	
2.041848e-012	5.888755e+000	1.202395e-011	
2.138078e-012	5.888755e+000	1.259062e-011	
2.238842e-012	5.888755e+000	1.318399e-011	
2.344356e-012	5.888755e+000	1.380534e-011	
2.454842e-012	5.888755e+000	1.445596e-011	
2.570535e-012	5.888755e+000	1.513725e-011	
2.691680e-012	5.888755e+000	1.585065e-011	
2.818535e-012	5.888755e+000	1.659766e-011	
2.951369e-012	5.888755e+000	1.737989e-011	
3.090463e-012	5.888755e+000	1.819898e-011	
3.236112e-012	5.888755e+000	1.905667e-011	
3.388625e-012	5.888755e+000	1.995478e-011	
3.548326e-012	5.888755e+000	2.089522e-011	
3.715553e-012	5.888755e+000	2.187999e-011	
3.890662e-012	5.888755e+000	2.291116e-011	
4.074023e-012	5.888755e+000	2.399093e-011	
4.266026e-012	5.888755e+000	2.512158e-011	
4.467078e-012	5.888755e+000	2.630553e-011	
4.677605e-012	5.888755e+000	2.754527e-011	
4.898053e-012	5.888755e+000	2.884344e-011	
5.128891e-012	5.888755e+000	3.020279e-011	
5.370608e-012	5.888755e+000	3.162620e-011	
5.623718e-012	5.888755e+000	3.311670e-011	
5.888755e-012	5.888755e+000	3.467744e-011	
6.166284e-012	5.888755e+000	3.631174e-011	
6.456891e-012	5.888755e+000	3.802305e-011	
6.761195e-012	5.888755e+000	3.981503e-011	
7.079841e-012	5.888755e+000	4.169145e-011	
7.413504e-012	5.888755e+000	4.365631e-011	
7.762891e-012	5.888755e+000	4.571377e-011	
8.128745e-012	5.888755e+000	4.786819e-011	
8.511841e-012	5.888755e+000	5.012415e-011	
8.912992e-012	5.888755e+000	5.248643e-011	
9.333048e-012	5.888755e+000	5.496004e-011	
9.772901e-012	5.888755e+000	5.755022e-011	
1.023348e-011	5.888755e+000	6.026248e-011	
1.071577e-011	5.888755e+000	6.310256e-011	
1.122079e-011	5.888755e+000	6.607650e-011	
1.174961e-011	5.888755e+000	6.919058e-011	
1.230335e-011	5.888755e+000	7.245144e-011	
1.288319e-011	5.888755e+000	7.586597e-011	
1.349036e-011	5.888755e+000	7.944142e-011	
1.412614e-011	5.888755e+000	8.318538e-011	
1.479188e-011	5.888755e+000	8.710579e-011	
1.548900e-011	5.888755e+000	9.121096e-011	
1.621898e-011	5.888755e+000	9.550959e-011	
1.698336e-011	5.888755e+000	1.000108e-010	
1.778376e-011	5.888755e+000	1.047242e-010	
1.862188e-011	5.888755e+000	1.096597e-010	
1.949950e-011	5.888755e+000	1.148278e-010	
2.041848e-011	5.888755e+000	1.202395e-010	
2.138078e-011	5.888755e+000	1.259062e-010	
2.238842e-011	5.888755e+000	1.318399e-010	
2.344356e-011	5.888755e+000	1.380534e-010	
2.454842e-011	5.888755e+000	1.445596e-010	
2.570535e-011	5.888755e+000	1.513725e-010	
2.691680e-011	5.888755e+000	1.585065e-010	
2.818535e-011	5.888755e+000	1.659766e-010	
2.951369e-011	5.888755e+000	1.737989e-010	
3.090463e-011	5.888755e+000	1.819898e-010	
3.236112e-011	5.888755e+000	1.905667e-010	
3.388625e-011	5.888755e+000	1.995478e-010	
3.548326e-011	5.888755e+000	2.089522e-010	
3.715553e-011	5.888755e+000	2.187998e-010	
3.890662e-011	5.888755e+000	2.291116e-010	
4.074023e-011	5.888755e+000	2.399092e-010	
4.266026e-011	5.888755e+000	2.512158e-010	
4.467078e-011	5.888755e+000	2.630553e-010	
4.677604e-011	5.888755e+000	2.754527e-010	
4.898053e-011	5.888755e+000	2.884344e-010	
5.128891e-011	5.888755e+000	3.020279e-010	
5.370608e-011	5.888755e+000	3.162620e-010	
5.623717e-011	5.888755e+000	3.311670e-010	
5.888755e-011	5.888755e+000	3.467744e-010	
6.166283e-011	5.888755e+000	3.631173e-010	
6.456891e-011	5.888755e+000	3.802305e-010	
6.761196e-011	5.888755e+000	3.981503e-010	
7.079841e-011	5.888755e+000	4.169145e-010	
7.413503e-011	5.888755e+000	4.365631e-010	
7.762891e-011	5.888755e+000	4.571377e-010	
8.128745e-011	5.888755e+000	4.786819e-010	
8.511841e-011	5.888755e+000	5.012415e-010	
8.912992e-011	5.888755e+000	5.248643e-010	
9.333048e-011	5.888755e+000	5.496004e-010	
9.772901e-011	5.888755e+000	5.755022e-010	
1.023348e-010	5.888755e+000	6.026248e-010	
1.071577e-010	5.888755e+000	6.310256e-010	
1.122079e-010	5.888755e+000	6.607650e-010	
1.174961e-010	5.888755e+000	6.919058e-010	
1.230335e-010	5.888755e+000	7.245143e-010	
1.288319e-010	5.888755e+000	7.586597e-010	
1.349036e-010	5.888755e+000	7.944142e-010	
1.412614e-010	5.888755e+000	8.318538e-010	
1.479188e-010	5.888755e+000	8.710579e-010	
1.548900e-010	5.888755e+000	9.121096e-010	
1.621898e-010	5.888755e+000	9.550960e-010	
1.698336e-010	5.888755e+000	1.000108e-009	
1.778376e-010	5.888755e+000	1.047242e-009	
1.862188e-010	5.888755e+000	1.096597e-009	
1.949950e-010	5.888755e+000	1.148278e-009	
2.041848e-010	5.888755e+000	1.202395e-009	
2.138078e-010	5.888755e+000	1.259062e-009	
2.238842e-010	5.888755e+000	1.318399e-009	
2.344356e-010	5.888755e+000	1.380534e-009	
2.454842e-010	5.888755e+000	1.445596e-009	
2.570535e-010	5.888755e+000	1.513725e-009	
2.691680e-010	5.888755e+000	1.585065e-009	
2.818535e-010	5.888755e+000	1.659767e-009	
2.951369e-010	5.888755e+000	1.737989e-009	
3.090463e-010	5.888755e+000	1.819898e-009	
3.236112e-010	5.888755e+000	1.905667e-009	
3.388625e-010	5.888755e+000	1.995478e-009	
3.548326e-010	5.888755e+000	2.089522e-009	
3.715553e-010	5.888755e+000	2.187998e-009	
3.890662e-010	5.888755e+000	2.291116e-009	
4.074023e-010	5.888755e+000	2.399092e-009	
4.266026e-010	5.888755e+000	2.512158e-009	
4.467078e-010	5.888755e+000	2.630553e-009	
4.677604e-010	5.888755e+000	2.754527e-009	
4.898053e-010	5.888755e+000	2.884344e-009	
5.128891e-010	5.888755e+000	3.020279e-009	
5.370608e-010	5.888755e+000	3.162620e-009	
5.623718e-010	5.888755e+000	3.311670e-009	
5.888755e-010	5.888755e+000	3.467744e-009	
6.166284e-010	5.888755e+000	3.631174e-009	
6.456892e-010	5.888755e+000	3.802306e-009	
6.761195e-010	5.888755e+000	3.981503e-009	
7.079841e-010	5.888755e+000	4.169145e-009	
7.413504e-010	5.888755e+000	4.365631e-009	
7.762891e-010	5.888755e+000	4.571377e-009	
8.128745e-010	5.888755e+000	4.786819e-009	
8.511841e-010	5.888755e+000	5.012415e-009	
8.912991e-010	5.888755e+000	5.248643e-009	
9.333048e-010	5.888755e+000	5.496003e-009	
9.772901e-010	5.888755e+000	5.755022e-009	
1.023348e-009	5.888755e+000	6.026248e-009	
1.071577e-009	5.888755e+000	6.310256e-009	
1.122079e-009	5.888755e+000	6.607650e-009	
1.174961e-009	5.888755e+000	6.919059e-009	
1.230335e-009	5.888755e+000	7.245143e-009	
1.288319e-009	5.888755e+000	7.586597e-009	
1.349036e-009	5.888755e+000	7.944142e-009	
1.412614e-009	5.888755e+000	8.318538e-009	
1.479188e-009	5.888755e+000	8.710579e-009	
1.548900e-009	5.888755e+000	9.121096e-009	
1.621898e-009	5.888755e+000	9.550960e-009	
1.698336e-009	5.888755e+000	1.000108e-008	
1.778376e-009	5.888755e+000	1.047242e-008	
1.862188e-009	5.888755e+000	1.096597e-008	
1.949950e-009	5.888755e+000	1.148278e-008	
2.041848e-009	5.888755e+000	1.202395e-008	
2.138078e-009	5.888755e+000	1.259062e-008	
2.238842e-009	5.888755e+000	1.318399e-008	
2.344356e-009	5.888755e+000	1.380534e-008	
2.454842e-009	5.888755e+000	1.445596e-008	
2.570535e-009	5.888755e+000	1.513725e-008	
2.691680e-009	5.888755e+000	1.585065e-008	
2.818535e-009	5.888755e+000	1.659767e-008	
2.951369e-009	5.888755e+000	1.737989e-008	
3.090463e-009	5.888755e+000	1.819898e-008	
3.236112e-009	5.888755e+000	1.905667e-008	
3.388625e-009	5.888755e+000	1.995478e-008	
3.548326e-009	5.888755e+000	2.089522e-008	
3.715553e-009	5.888755e+000	2.187998e-008	
3.890662e-009	5.888755e+000	2.291116e-008	
4.074023e-009	5.888755e+000	2.399093e-008	
4.266026e-009	5.888755e+000	2.512158e-008	
4.467077e-009	5.888755e+000	2.630553e-008	
4.677605e-009	5.888755e+000	2.754527e-008	
4.898053e-009	5.888755e+000	2.884344e-008	
5.128891e-009	5.888755e+000	3.020278e-008	
5.370608e-009	5.888755e+000	3.162620e-008	
5.623717e-009	5.888755e+000	3.311670e-008	
5.888755e-009	5.888755e+000	3.467744e-008	
6.166283e-009	5.888755e+000	3.631173e-008	
6.456891e-009	5.888755e+000	3.802305e-008	
6.761196e-009	5.888755e+000	3.981503e-008	
7.079841e-009	5.888755e+000	4.169145e-008	
7.413504e-009	5.888755e+000	4.365631e-008	
7.762891e-009	5.888755e+000	4.571376e-008	
8.128745e-009	5.888755e+000	4.786819e-008	
8.511841e-009	5.888755e+000	5.012415e-008	
8.912991e-009	5.888755e+000	5.248642e-008	
9.333048e-009	5.888755e+000	5.496004e-008	
9.772901e-009	5.888755e+000	5.755022e-008	
1.023348e-008	5.888755e+000	6.026248e-008	
1.071577e-008	5.888755e+000	6.310257e-008	
1.122079e-008	5.888755e+000	6.607650e-008	
1.174961e-008	5.888755e+000	6.919058e-008	
1.230335e-008	5.888755e+000	7.245144e-008	
1.288319e-008	5.888755e+000	7.586597e-008	
1.349036e-008	5.888755e+000	7.944142e-008	
1.412614e-008	5.888755e+000	8.318538e-008	
1.479188e-008	5.888755e+000	8.710579e-008	
1.548900e-008	5.888755e+000	9.121095e-008	
1.621898e-008	5.888755e+000	9.550959e-008	
1.698336e-008	5.888755e+000	1.000108e-007	
1.778376e-008	5.888755e+000	1.047242e-007	
1.862188e-008	5.888755e+000	1.096597e-007	
1.949950e-008	5.888755e+000	1.148278e-007	
2.041848e-008	5.888755e+000	1.202395e-007	
2.138078e-008	5.888755e+000	1.259062e-007	
2.238842e-008	5.888755e+000	1.318399e-007	
2.344356e-008	5.888755e+000	1.380534e-007	
2.454842e-008	5.888755e+000	1.445596e-007	
2.570535e-008	5.888755e+000	1.513725e-007	
2.691680e-008	5.888755e+000	1.585065e-007	
2.818535e-008	5.888755e+000	1.659767e-007	
2.951369e-008	5.888755e+000	1.737989e-007	
3.090463e-008	5.888755e+000	1.819898e-007	
3.236111e-008	5.888755e+000	1.905667e-007	
3.388625e-008	5.888755e+000	1.995478e-007	
3.548326e-008	5.888755e+000	2.089522e-007	
3.715553e-008	5.888755e+000	2.187998e-007	
3.890662e-008	5.888755e+000	2.291116e-007	
4.074023e-008	5.888755e+000	2.399093e-007	
4.266026e-008	5.888755e+000	2.512158e-007	
4.467078e-008	5.888755e+000	2.630553e-007	
4.677604e-008	5.888755e+000	2.754527e-007	
4.898053e-008	5.888755e+000	2.884344e-007	
5.128891e-008	5.888755e+000	3.020279e-007	
5.370608e-008	5.888755e+000	3.162620e-007	
5.623717e-008	5.888755e+000	3.311670e-007	
5.888755e-008	5.888755e+000	3.467744e-007	
6.166284e-008	5.888755e+000	3.631174e-007	
6.456892e-008	5.888755e+000	3.802305e-007	
6.761196e-008	5.888755e+000	3.981503e-007	
7.079841e-008	5.888755e+000	4.169145e-007	
7.413504e-008	5.888755e+000	4.365631e-007	
7.762891e-008	5.888755e+000	4.571377e-007	
8.128745e-008	5.888755e+000	4.786819e-007	
8.511841e-008	5.888755e+000	5.012415e-007	
8.912991e-008	5.888755e+000	5.248642e-007	
9.333048e-008	5.888755e+000	5.496003e-007	
9.772901e-008	5.888755e+000	5.755022e-007	
1.023348e-007	5.888755e+000	6.026248e-007	
1.071577e-007	5.888755e+000	6.310256e-007	
1.122079e-007	5.888755e+000	6.607650e-007	
1.174961e-007	5.888755e+000	6.919059e-007	
1.230335e-007	5.888755e+000	7.245144e-007	
1.288319e-007	5.888755e+000	7.586597e-007	
1.349036e-007	5.888755e+000	7.944142e-007	
1.412614e-007	5.888755e+000	8.318538e-007	
1.479188e-007	5.888755e+000	8.710579e-007	
1.548900e-007	5.888755e+000	9.121096e-007	
1.621898e-007	5.888755e+000	9.550959e-007	
1.698336e-007	5.888755e+000	1.000108e-006	
1.778376e-007	5.888755e+000	1.047242e-006	
1.862188e-007	5.888755e+000	1.096597e-006	
1.949950e-007	5.888755e+000	1.148278e-006	
2.041848e-007	5.888755e+000	1.202395e-006	
2.138078e-007	5.888755e+000	1.259062e-006	
2.238842e-007	5.888755e+000	1.318399e-006	
2.344356e-007	5.888755e+000	1.380534e-006	
2.454842e-007	5.888755e+000	1.445596e-006	
2.570535e-007	5.888755e+000	1.513725e-006	
2.691681e-007	5.888755e+000	1.585065e-006	
2.818535e-007	5.888755e+000	1.659767e-006	
2.951369e-007	5.888755e+000	1.737989e-006	
3.090463e-007	5.888755e+000	1.819898e-006	
3.236112e-007	5.888755e+000	1.905667e-006	
3.388625e-007	5.888755e+000	1.995478e-006	
3.548326e-007	5.888755e+000	2.089522e-006	
3.715553e-007	5.888755e+000	2.187998e-006	
3.890662e-007	5.888755e+000	2.291116e-006	
4.074023e-007	5.888755e+000	2.399093e-006	
4.266026e-007	5.888755e+000	2.512158e-006	
4.467078e-007	5.888755e+000	2.630553e-006	
4.677605e-007	5.888755e+000	2.754527e-006	
4.898053e-007	5.888755e+000	2.884344e-006	
5.128891e-007	5.888755e+000	3.020279e-006	
5.370608e-007	5.888755e+000	3.162620e-006	
5.623717e-007	5.888755e+000	3.311669e-006	
5.888755e-007	5.888755e+000	3.467744e-006	
6.166284e-007	5.888755e+000	3.631174e-006	
6.456892e-007	5.888755e+000	3.802306e-006	
6.761196e-007	5.888755e+000	3.981503e-006	
7.079841e-007	5.888755e+000	4.169145e-006	
7.413503e-007	5.888755e+000	4.365631e-006	
7.762891e-007	5.888755e+000	4.571376e-006	
8.128745e-007	5.888755e+000	4.786819e-006	
8.511841e-007	5.888755e+000	5.012415e-006	
8.912992e-007	5.888755e+000	5.248643e-006	
9.333048e-007	5.888755e+000	5.496004e-006	
9.772901e-007	5.888755e+000	5.755023e-006	
1.023348e-006	5.888755e+000	6.026248e-006	
1.071577e-006	5.888755e+000	6.310256e-006	
1.122079e-006	5.888755e+000	6.607650e-006	
1.174961e-006	5.888755e+000	6.919058e-006	
1.230335e-006	5.888755e+000	7.245144e-006	
1.288319e-006	5.888755e+000	7.586597e-006	
1.349036e-006	5.888755e+000	7.944142e-006	
1.412614e-006	5.888755e+000	8.318538e-006	
1.479188e-006	5.888755e+000	8.710579e-006	
1.548900e-006	5.888755e+000	9.121095e-006	
1.621898e-006	5.888755e+000	9.550959e-006	
1.698335e-006	5.888755e+000	1.000108e-005	
1.778376e-006	5.888755e+000	1.047242e-005	
1.862188e-006	5.888755e+000	1.096597e-005	
1.949950e-006	5.888755e+000	1.148278e-005	
2.041848e-006	5.888755e+000	1.202395e-005	
2.138078e-006	5.888755e+000	1.259062e-005	
2.238842e-006	5.888755e+000	1.318399e-005	
2.344356e-006	5.888755e+000	1.380534e-005	
2.454842e-006	5.888755e+000	1.445596e-005	
2.570535e-006	5.888755e+000	1.513725e-005	
2.691680e-006	5.888755e+000	1.585065e-005	
2.818535e-006	5.888755e+000	1.659767e-005	
2.951369e-006	5.888755e+000	1.737989e-005	
3.090463e-006	5.888755e+000	1.819898e-005	
3.236112e-006	5.888755e+000	1.905667e-005	
3.388625e-006	5.888755e+000	1.995478e-005	
3.548326e-006	5.888755e+000	2.089522e-005	
3.715553e-006	5.888755e+000	2.187998e-005	
3.890662e-006	5.888755e+000	2.291116e-005	
4.074023e-006	5.888755e+000	2.399093e-005	
4.266026e-006	5.888755e+000	2.512158e-005	
4.467077e-006	5.888755e+000	2.630553e-005	
4.677604e-006	5.888755e+000	2.754527e-005	
4.898053e-006	5.888755e+000	2.884344e-005	
5.128891e-006	5.888755e+000	3.020279e-005	
5.370609e-006	5.888755e+000	3.162620e-005	
5.623718e-006	5.888755e+000	3.311670e-005	
5.888755e-006	5.888755e+000	3.467744e-005	
6.166284e-006	5.888755e+000	3.631174e-005	
6.456892e-006	5.888755e+000	3.802306e-005	
6.761195e-006	5.888755e+000	3.981503e-005	
7.079841e-006	5.888755e+000	4.169145e-005	
7.413504e-006	5.888755e+000	4.365631e-005	
7.762891e-006	5.888755e+000	4.571377e-005	
8.128745e-006	5.888755e+000	4.786819e-005	
8.511841e-006	5.888755e+000	5.012415e-005	
8.912992e-006	5.888755e+000	5.248643e-005	
9.333048e-006	5.888755e+000	5.496004e-005	
9.772901e-006	5.888755e+000	5.755022e-005	
1.023348e-005	5.888755e+000	6.026248e-005	
1.071577e-005	5.888755e+000	6.310257e-005	
1.122079e-005	5.888755e+000	6.607650e-005	
1.174961e-005	5.888755e+000	6.919058e-005	
1.230335e-005	5.888755e+000	7.245144e-005	
1.288319e-005	5.888755e+000	7.586597e-005	
1.349036e-005	5.888755e+000	7.944142e-005	
1.412614e-005	5.888755e+000	8.318538e-005	
1.479188e-005	5.888755e+000	8.710579e-005	
1.548900e-005	5.888755e+000	9.121095e-005	
1.621898e-005	5.888755e+000	9.550960e-005	
1.698335e-005	5.888755e+000	1.000108e-004	
1.778376e-005	5.888755e+000	1.047242e-004	
1.862188e-005	5.888755e+000	1.096597e-004	
1.949950e-005	5.888755e+000	1.148278e-004	
2.041848e-005	5.888755e+000	1.202395e-004	
2.138078e-005	5.888755e+000	1.259062e-004	
2.238842e-005	5.888755e+000	1.318399e-004	
2.344356e-005	5.888755e+000	1.380534e-004	
2.454842e-005	5.888755e+000	1.445596e-004	
2.570535e-005	5.888755e+000	1.513725e-004	
2.691680e-005	5.888755e+000	1.585065e-004	
2.818535e-005	5.888755e+000	1.659767e-004	
2.951369e-005	5.888755e+000	1.737989e-004	
3.090463e-005	5.888755e+000	1.819898e-004	
3.236112e-005	5.888755e+000	1.905667e-004	
3.388625e-005	5.888755e+000	1.995478e-004	
3.548326e-005	5.888755e+000	2.089522e-004	
3.715553e-005	5.888755e+000	2.187998e-004	
3.890662e-005	5.888755e+000	2.291116e-004	
4.074023e-005	5.888755e+000	2.399093e-004	
4.266026e-005	5.888755e+000	2.512158e-004	
4.467077e-005	5.888755e+000	2.630553e-004	
4.677604e-005	5.888755e+000	2.754527e-004	
4.898053e-005	5.888755e+000	2.884344e-004	
5.128891e-005	5.888755e+000	3.020279e-004	
5.370608e-005	5.888755e+000	3.162620e-004	
5.623718e-005	5.888755e+000	3.311670e-004	
5.888755e-005	5.888755e+000	3.467744e-004	
6.166284e-005	5.888755e+000	3.631174e-004	
6.456891e-005	5.888755e+000	3.802305e-004	
6.761195e-005	5.888755e+000	3.981502e-004	
7.079841e-005	5.888755e+000	4.169145e-004	
7.413504e-005	5.888755e+000	4.365631e-004	
7.762891e-005	5.888755e+000	4.571377e-004	
8.128745e-005	5.888755e+000	4.786819e-004	
8.511841e-005	5.888755e+000	5.012415e-004	
8.912991e-005	5.888755e+000	5.248643e-004	
9.333048e-005	5.888755e+000	5.496003e-004	
9.772901e-005	5.888755e+000	5.755022e-004	
1.023348e-004	5.888755e+000	6.026248e-004	
1.071577e-004	5.888755e+000	6.310256e-004	
1.122079e-004	5.888755e+000	6.607649e-004	
1.174961e-004	5.888755e+000	6.919059e-004	
1.230335e-004	5.888755e+000	7.245144e-004	
1.288319e-004	5.888755e+000	7.586596e-004	
1.349036e-004	5.888755e+000	7.944142e-004	
1.412614e-004	5.888755e+000	8.318538e-004	
1.479188e-004	5.888755e+000	8.710578e-004	
1.548900e-004	5.888755e+000	9.121096e-004	
1.621898e-004	5.888755e+000	9.550959e-004	
1.698336e-004	5.888755e+000	1.000108e-003	
1.778376e-004	5.888755e+000	1.047242e-003	
1.862188e-004	5.888755e+000	1.096597e-003	
1.949950e-004	5.888755e+000	1.148278e-003	
2.041848e-004	5.888755e+000	1.202395e-003	
2.138078e-004	5.888755e+000	1.259062e-003	
2.238842e-004	5.888755e+000	1.318399e-003	
2.344356e-004	5.888755e+000	1.380534e-003	
2.454842e-004	5.888755e+000	1.445596e-003	
2.570535e-004	5.888755e+000	1.513725e-003	
2.691680e-004	5.888755e+000	1.585065e-003	
2.818535e-004	5.888755e+000	1.659767e-003	
2.951369e-004	5.888755e+000	1.737989e-003	
3.090463e-004	5.888755e+000	1.819898e-003	
3.236112e-004	5.888755e+000	1.905667e-003	
3.388625e-004	5.888755e+000	1.995478e-003	
3.548326e-004	5.888755e+000	2.089522e-003	
3.715553e-004	5.888755e+000	2.187998e-003	
3.890662e-004	5.888755e+000	2.291116e-003	
4.074023e-004	5.888755e+000	2.399093e-003	
4.266026e-004	5.888755e+000	2.512158e-003	
4.467078e-004	5.888755e+000	2.630553e-003	
4.677605e-004	5.888755e+000	2.754527e-003	
4.898053e-004	5.888755e+000	2.884344e-003	
5.128891e-004	5.888755e+000	3.020279e-003	
5.370608e-004	5.888755e+000	3.162620e-003	
5.623717e-004	5.888755e+000	3.311670e-003	
5.888755e-004	5.888755e+000	3.467744e-003	
6.166284e-004	5.888755e+000	3.631174e-003	
6.456891e-004	5.888755e+000	3.802305e-003	
6.761195e-004	5.888755e+000	3.981502e-003	
7.079841e-004	5.888755e+000	4.169145e-003	
7.413503e-004	5.888755e+000	4.365631e-003	
7.762891e-004	5.888755e+000	4.571377e-003	
8.128745e-004	5.888755e+000	4.786819e-003	
8.511841e-004	5.888755e+000	5.012415e-003	
8.912992e-004	5.888755e+000	5.248643e-003	
9.333048e-004	5.888755e+000	5.496003e-003	
9.772901e-004	5.888755e+000	5.755022e-003	
1.023348e-003	5.888755e+000	6.026248e-003	
1.071577e-003	5.888755e+000	6.310257e-003	
1.122079e-003	5.888755e+000	6.607650e-003	
1.174961e-003	5.888755e+000	6.919058e-003	
1.230335e-003	5.888755e+000	7.245144e-003	
1.288319e-003	5.888755e+000	7.586597e-003	
1.349036e-003	5.888755e+000	7.944142e-003	
1.412614e-003	5.888755e+000	8.318538e-003	
1.479188e-003	5.888755e+000	8.710579e-003	
1.548900e-003	5.888755e+000	9.121095e-003	
1.621898e-003	5.888755e+000	9.550959e-003	
1.698336e-003	5.888755e+000	1.000108e-002	
1.778376e-003	5.888755e+000	1.047242e-002	
1.862188e-003	5.888755e+000	1.096597e-002	
1.949950e-003	5.888755e+000	1.148278e-002	
2.041848e-003	5.888755e+000	1.202395e-002	
2.138078e-003	5.888755e+000	1.259062e-002	
2.238842e-003	5.888755e+000	1.318399e-002	
2.344356e-003	5.888755e+000	1.380534e-002	
2.454842e-003	5.888755e+000	1.445596e-002	
2.570535e-003	5.888755e+000	1.513725e-002	
2.691680e-003	5.888755e+000	1.585065e-002	
2.818535e-003	5.888755e+000	1.659766e-002	
2.951369e-003	5.888755e+000	1.737989e-002	
3.090463e-003	5.888755e+000	1.819898e-002	
3.236112e-003	5.888755e+000	1.905667e-002	
3.388625e-003	5.888755e+000	1.995478e-002	
3.548326e-003	5.888755e+000	2.089522e-002	
3.715553e-003	5.888755e+000	2.187998e-002	
3.890662e-003	5.888755e+000	2.291115e-002	
4.074023e-003	5.888755e+000	2.399092e-002	
4.266026e-003	5.888755e+000	2.512158e-002	
4.467078e-003	5.888755e+000	2.630552e-002	
4.677604e-003	5.888755e+000	2.754527e-002	
4.898053e-003	5.888755e+000	2.884343e-002	
5.128891e-003	5.888755e+000	3.020278e-002	
5.370609e-003	5.888755e+000	3.162620e-002	
5.623717e-003	5.888755e+000	3.311669e-002	
5.888755e-003	5.888755e+000	3.467743e-002	
6.166284e-003	5.888755e+000	3.631173e-002	
6.456892e-003	5.888755e+000	3.802305e-002	
6.761196e-003	5.888755e+000	3.981502e-002	
7.079841e-003	5.888755e+000	4.169145e-002	
7.413503e-003	5.888755e+000	4.365630e-002	
7.762891e-003	5.888755e+000	4.571376e-002	
8.128745e-003	5.888755e+000	4.786818e-002	
8.511840e-003	5.888755e+000	5.012414e-002	
8.912992e-003	5.888755e+000	5.248642e-002	
9.333048e-003	5.888755e+000	5.496003e-002	
9.772900e-003	5.888755e+000	5.755022e-002	
1.023348e-002	5.888755e+000	6.026247e-002	
1.071577e-002	5.888755e+000	6.310256e-002	
1.122079e-002	5.888755e+000	6.607649e-002	
1.174961e-002	5.888755e+000	6.919058e-002	
1.230335e-002	5.888755e+000	7.245143e-002	
1.288319e-002	5.888755e+000	7.586596e-002	
1.349036e-002	5.888755e+000	7.944141e-002	
1.412614e-002	5.888755e+000	8.318537e-002	
1.479188e-002	5.888755e+000	8.710578e-002	
1.548900e-002	5.888755e+000	9.121095e-002	
1.621898e-002	5.888755e+000	9.550958e-002	
1.698335e-002	5.888755e+000	1.000108e-001	
1.778376e-002	5.888755e+000	1.047242e-001	
1.862188e-002	5.888755e+000	1.096597e-001	
1.949950e-002	5.888755e+000	1.148278e-001	
2.041848e-002	5.888755e+000	1.202394e-001	
2.138078e-002	5.888755e+000	1.259062e-001	
2.238842e-002	5.888755e+000	1.318399e-001	
2.344356e-002	5.888755e+000	1.380534e-001	
2.454842e-002	5.888755e+000	1.445596e-001	
2.570535e-002	5.888755e+000	1.513725e-001	
2.691680e-002	5.888755e+000	1.585064e-001	
2.818535e-002	5.888755e+000	1.659766e-001	
2.951369e-002	5.888755e+000	1.737989e-001	
3.090462e-002	5.888755e+000	1.819898e-001	
3.236111e-002	5.888755e+000	1.905667e-001	
3.388625e-002	5.888755e+000	1.995478e-001	
3.548326e-002	5.888755e+000	2.089522e-001	
3.715553e-002	5.888755e+000	2.187998e-001	
3.890662e-002	5.888755e+000	2.291115e-001	
4.074023e-002	5.888755e+000	2.399092e-001	
4.266025e-002	5.888754e+000	2.512158e-001	
4.467077e-002	5.888754e+000	2.630552e-001	
4.677604e-002	5.888754e+000	2.754526e-001	
4.898053e-002	5.888754e+000	2.884343e-001	
5.128891e-002	5.888754e+000	3.020278e-001	
5.370608e-002	5.888754e+000	3.162619e-001	
5.623717e-002	5.888754e+000	3.311669e-001	
5.888755e-002	5.888754e+000	3.467743e-001	
6.166283e-002	5.888754e+000	3.631172e-001	
6.456891e-002	5.888754e+000	3.802304e-001	
6.761195e-002	5.888754e+000	3.981502e-001	
7.079840e-002	5.888754e+000	4.169144e-001	
7.413502e-002	5.888754e+000	4.365629e-001	
7.762890e-002	5.888754e+000	4.571375e-001	
8.128744e-002	5.888754e+000	4.786817e-001	
8.511839e-002	5.888754e+000	5.012413e-001	
8.912990e-002	5.888754e+000	5.248641e-001	
9.333046e-002	5.888754e+000	5.496001e-001	
9.772899e-002	5.888754e+000	5.755020e-001	
1.023348e-001	5.888754e+000	6.026245e-001	
1.071577e-001	5.888754e+000	6.310253e-001	
1.122079e-001	5.888754e+000	6.607646e-001	
1.174961e-001	5.888754e+000	6.919055e-001	
1.230335e-001	5.888753e+000	7.245140e-001	
1.288319e-001	5.888753e+000	7.586593e-001	
1.349036e-001	5.888753e+000	7.944137e-001	
1.412614e-001	5.888753e+000	8.318533e-001	
1.479188e-001	5.888753e+000	8.710573e-001	
1.548900e-001	5.888753e+000	9.121089e-001	
1.621897e-001	5.888753e+000	9.550952e-001	
1.698335e-001	5.888753e+000	1.000107e+000	
1.778375e-001	5.888753e+000	1.047241e+000	
1.862187e-001	5.888753e+000	1.096596e+000	
1.949949e-001	5.888752e+000	1.148277e+000	
2.041848e-001	5.888752e+000	1.202393e+000	
2.138077e-001	5.888752e+000	1.259060e+000	
2.238841e-001	5.888752e+000	1.318398e+000	
2.344355e-001	5.888752e+000	1.380532e+000	
2.454840e-001	5.888752e+000	1.445595e+000	
2.570533e-001	5.888752e+000	1.513723e+000	
2.691679e-001	5.888752e+000	1.585063e+000	
2.818534e-001	5.888752e+000	1.659765e+000	
2.951367e-001	5.888752e+000	1.737987e+000	
3.090461e-001	5.888752e+000	1.819895e+000	
3.236109e-001	5.888751e+000	1.905664e+000	
3.388622e-001	5.888751e+000	1.995475e+000	
3.548323e-001	5.888751e+000	2.089519e+000	
3.715550e-001	5.888751e+000	2.187995e+000	
3.890659e-001	5.888750e+000	2.291112e+000	
4.074020e-001	5.888750e+000	2.399088e+000	
4.266022e-001	5.888750e+000	2.512154e+000	
4.467073e-001	5.888750e+000	2.630548e+000	
4.677600e-001	5.888749e+000	2.754521e+000	
4.898048e-001	5.888749e+000	2.884338e+000	
5.128886e-001	5.888749e+000	3.020272e+000	
5.370603e-001	5.888749e+000	3.162613e+000	
5.623711e-001	5.888748e+000	3.311662e+000	
5.888748e-001	5.888748e+000	3.467735e+000	
6.166276e-001	5.888747e+000	3.631164e+000	
6.456883e-001	5.888747e+000	3.802295e+000	
6.761186e-001	5.888747e+000	3.981491e+000	
7.079830e-001	5.888746e+000	4.169132e+000	
7.413492e-001	5.888746e+000	4.365617e+000	
7.762879e-001	5.888745e+000	4.571361e+000	
8.128731e-001	5.888745e+000	4.786802e+000	
8.511826e-001	5.888744e+000	5.012397e+000	
8.912975e-001	5.888744e+000	5.248622e+000	
9.333029e-001	5.888743e+000	5.495982e+000	
9.772881e-001	5.888743e+000	5.754998e+000	
1.023346e+000	5.888742e+000	6.026222e+000	
1.071575e+000	5.888742e+000	6.310228e+000	
1.122077e+000	5.888741e+000	6.607618e+000	
1.174958e+000	5.888741e+000	6.919024e+000	
1.230332e+000	5.888740e+000	7.245106e+000	
1.288316e+000	5.888739e+000	7.586555e+000	
1.349032e+000	5.888738e+000	7.944096e+000	
1.412610e+000	5.888738e+000	8.318488e+000	
1.479184e+000	5.888737e+000	8.710524e+000	
1.548895e+000	5.888736e+000	9.121036e+000	
1.621892e+000	5.888735e+000	9.550894e+000	
1.698329e+000	5.888734e+000	1.000101e+001	
1.778369e+000	5.888733e+000	1.047234e+001	
1.862181e+000	5.888732e+000	1.096588e+001	
1.949942e+000	5.888731e+000	1.148268e+001	
2.041840e+000	5.888730e+000	1.202384e+001	
2.138068e+000	5.888729e+000	1.259050e+001	
2.238832e+000	5.888727e+000	1.318387e+001	
2.344344e+000	5.888726e+000	1.380520e+001	
2.454829e+000	5.888725e+000	1.445581e+001	
2.570521e+000	5.888723e+000	1.513709e+001	
2.691665e+000	5.888721e+000	1.585047e+001	
2.818519e+000	5.888720e+000	1.659747e+001	
2.951350e+000	5.888719e+000	1.737967e+001	
3.090442e+000	5.888717e+000	1.819874e+001	
3.236089e+000	5.888715e+000	1.905641e+001	
3.388601e+000	5.888713e+000	1.995450e+001	
3.548299e+000	5.888711e+000	2.089491e+001	
3.715524e+000	5.888709e+000	2.187964e+001	
3.890630e+000	5.888707e+000	2.291078e+001	
4.073988e+000	5.888704e+000	2.399051e+001	
4.265987e+000	5.888702e+000	2.512113e+001	
4.467035e+000	5.888700e+000	2.630503e+001	
4.677558e+000	5.888697e+000	2.754472e+001	
4.898003e+000	5.888694e+000	2.884284e+001	
5.128836e+000	5.888691e+000	3.020213e+001	
5.370548e+000	5.888688e+000	3.162548e+001	
5.623651e+000	5.888685e+000	3.311591e+001	
5.888682e+000	5.888682e+000	3.467657e+001	
6.166203e+000	5.888679e+000	3.631079e+001	
6.456803e+000	5.888675e+000	3.802201e+001	
6.761099e+000	5.888671e+000	3.981389e+001	
7.079735e+000	5.888667e+000	4.169020e+001	
7.413387e+000	5.888663e+000	4.365494e+001	
7.762764e+000	5.888659e+000	4.571227e+001	
8.128605e+000	5.888654e+000	4.786654e+001	
8.511688e+000	5.888649e+000	5.012234e+001	
8.912824e+000	5.888644e+000	5.248445e+001	
9.332864e+000	5.888639e+000	5.495787e+001	
9.772699e+000	5.888634e+000	5.754785e+001	
1.023326e+001	5.888628e+000	6.025987e+001	
1.071553e+001	5.888622e+000	6.309971e+001	
1.122053e+001	5.888616e+000	6.607336e+001	
1.174932e+001	5.888609e+000	6.918715e+001	
1.230303e+001	5.888602e+000	7.244767e+001	
1.288284e+001	5.888595e+000	7.586183e+001	
1.348997e+001	5.888587e+000	7.943689e+001	
1.412572e+001	5.888579e+000	8.318041e+001	
1.479142e+001	5.888571e+000	8.710033e+001	
1.548850e+001	5.888562e+000	9.120498e+001	
1.621842e+001	5.888553e+000	9.550304e+001	
1.698275e+001	5.888544e+000	1.000036e+002	
1.778309e+001	5.888534e+000	1.047163e+002	
1.862115e+001	5.888523e+000	1.096510e+002	
1.949870e+001	5.888512e+000	1.148183e+002	
2.041760e+001	5.888501e+000	1.202291e+002	
2.137981e+001	5.888489e+000	1.258948e+002	
2.238736e+001	5.888476e+000	1.318275e+002	
2.344239e+001	5.888463e+000	1.380397e+002	
2.454714e+001	5.888449e+000	1.445446e+002	
2.570395e+001	5.888435e+000	1.513560e+002	
2.691527e+001	5.888420e+000	1.584884e+002	
2.818367e+001	5.888404e+000	1.659569e+002	
2.951185e+001	5.888388e+000	1.737772e+002	
3.090261e+001	5.888370e+000	1.819660e+002	
3.235890e+001	5.888352e+000	1.905406e+002	
3.388382e+001	5.888333e+000	1.995192e+002	
3.548059e+001	5.888313e+000	2.089208e+002	
3.715261e+001	5.888292e+000	2.187654e+002	
3.890342e+001	5.888270e+000	2.290738e+002	
4.073672e+001	5.888247e+000	2.398679e+002	
4.265641e+001	5.888223e+000	2.511704e+002	
4.466655e+001	5.888198e+000	2.630055e+002	
4.677141e+001	5.888172e+000	2.753981e+002	
4.897545e+001	5.888144e+000	2.883745e+002	
5.128334e+001	5.888115e+000	3.019622e+002	
5.369997e+001	5.888085e+000	3.161900e+002	
5.623047e+001	5.888053e+000	3.310880e+002	
5.888020e+001	5.888020e+000	3.466878e+002	
6.165477e+001	5.887985e+000	3.630223e+002	
6.456007e+001	5.887949e+000	3.801264e+002	
6.760226e+001	5.887910e+000	3.980360e+002	
7.078777e+001	5.887870e+000	4.167891e+002	
7.412336e+001	5.887828e+000	4.364256e+002	
7.761610e+001	5.887784e+000	4.569869e+002	
8.127341e+001	5.887738e+000	4.785165e+002	
8.510300e+001	5.887689e+000	5.010600e+002	
8.911301e+001	5.887639e+000	5.246652e+002	
9.331194e+001	5.887585e+000	5.493820e+002	
9.770866e+001	5.887529e+000	5.752626e+002	
1.023125e+002	5.887471e+000	6.023619e+002	
1.071332e+002	5.887409e+000	6.307372e+002	
1.121810e+002	5.887345e+000	6.604485e+002	
1.174666e+002	5.887277e+000	6.915585e+002	
1.230012e+002	5.887206e+000	7.241331e+002	
1.287964e+002	5.887131e+000	7.582412e+002	
1.348646e+002	5.887053e+000	7.939549e+002	
1.412186e+002	5.886970e+000	8.313494e+002	
1.478718e+002	5.886883e+000	8.705040e+002	
1.548384e+002	5.886791e+000	9.115012e+002	
1.621330e+002	5.886694e+000	9.544276e+002	
1.697712e+002	5.886593e+000	9.993739e+002	
1.777690e+002	5.886485e+000	1.046435e+003	
1.861434e+002	5.886372e+000	1.095709e+003	
1.949121e+002	5.886251e+000	1.147302e+003	
2.040936e+002	5.886123e+000	1.201320e+003	
2.137073e+002	5.885987e+000	1.257878e+003	
2.237735e+002	5.885842e+000	1.317095e+003	
2.343134e+002	5.885686e+000	1.379095e+003	
2.453493e+002	5.885519e+000	1.444008e+003	
2.569043e+002	5.885338e+000	1.511969e+003	
2.690029e+002	5.885142e+000	1.583120e+003	
2.816703e+002	5.884926e+000	1.657609e+003	
2.949331e+002	5.884688e+000	1.735589e+003	
3.088189e+002	5.884423e+000	1.817221e+003	
3.233566e+002	5.884123e+000	1.902670e+003	
3.385762e+002	5.883780e+000	1.992108e+003	
3.545086e+002	5.883379e+000	2.085709e+003	
3.711862e+002	5.882905e+000	2.183653e+003	
3.886417e+002	5.882330e+000	2.286119e+003	
4.069087e+002	5.881620e+000	2.393282e+003	
4.260206e+002	5.880722e+000	2.505309e+003	
4.460100e+002	5.879557e+000	2.622341e+003	
4.669068e+002	5.878008e+000	2.744482e+003	
4.887360e+002	5.875899e+000	2.871764e+003	
5.115129e+002	5.872954e+000	3.004092e+003	
5.352351e+002	5.868736e+000	3.141153e+003	
5.598689e+002	5.862547e+000	3.282258e+003	
5.853250e+002	5.853250e+000	3.426053e+003	
6.114166e+002	5.838984e+000	3.570052e+003	
6.377953e+002	5.816762e+000	3.709904e+003	
6.638718e+002	5.782082e+000	3.838561e+003	
6.887865e+002	5.729076e+000	3.946110e+003	
7.115578e+002	5.652105e+000	4.021799e+003	
7.314395e+002	5.548536e+000	4.058418e+003	
7.482128e+002	5.420323e+000	4.055555e+003	
7.621368e+002	5.272698e+000	4.018517e+003	
7.736878e+002	5.111705e+000	3.954864e+003	
7.833514e+002	4.942613e+000	3.871803e+003	
7.915350e+002	4.769470e+000	3.775202e+003	
7.985549e+002	4.595204e+000	3.669523e+003	
8.046500e+002	4.421881e+000	3.558066e+003	
8.099999e+002	4.250940e+000	3.443261e+003	
8.147404e+002	4.083375e+000	3.326890e+003	
8.189757e+002	3.919864e+000	3.210274e+003	
8.227868e+002	3.760861e+000	3.094387e+003	
8.262372e+002	3.606656e+000	2.979954e+003	
8.293780e+002	3.457423e+000	2.867510e+003	
8.322501e+002	3.313247e+000	2.757450e+003	
8.348873e+002	3.174153e+000	2.650060e+003	
8.373174e+002	3.040116e+000	2.545542e+003	
8.395638e+002	2.911077e+000	2.444035e+003	
8.416462e+002	2.786953e+000	2.345628e+003	
8.435814e+002	2.667639e+000	2.250371e+003	
8.453837e+002	2.553018e+000	2.158280e+003	
8.470656e+002	2.442964e+000	2.069351e+003	
8.486380e+002	2.337343e+000	1.983558e+003	
8.501104e+002	2.236018e+000	1.900862e+003	
8.514910e+002	2.138849e+000	1.821210e+003	
8.527874e+002	2.045695e+000	1.744543e+003	
8.540065e+002	1.956416e+000	1.670792e+003	
8.551537e+002	1.870872e+000	1.599884e+003	
8.562346e+002	1.788928e+000	1.531742e+003	
8.572539e+002	1.710446e+000	1.466287e+003	
8.582160e+002	1.635297e+000	1.403438e+003	
8.591236e+002	1.563348e+000	1.343109e+003	
8.599825e+002	1.494478e+000	1.285225e+003	
8.607949e+002	1.428564e+000	1.229701e+003	
8.615640e+002	1.365487e+000	1.176454e+003	
8.622924e+002	1.305132e+000	1.125406e+003	
8.629828e+002	1.247390e+000	1.076476e+003	
8.636376e+002	1.192152e+000	1.029587e+003	
8.642589e+002	1.139315e+000	9.846633e+002	
8.648491e+002	1.088780e+000	9.416307e+002	
8.654100e+002	1.040452e+000	9.004172e+002	
8.659438e+002	9.942365e-001	8.609529e+002	
8.664527e+002	9.500465e-001	8.231703e+002	
8.669397e+002	9.077973e-001	7.870055e+002	
8.674112e+002	8.674112e-001	7.524022e+002	
8.680518e+002	8.289830e-001	7.196002e+002	
8.705347e+002	7.939371e-001	6.911498e+002	
8.729178e+002	7.602797e-001	6.636617e+002	
8.752042e+002	7.279631e-001	6.371164e+002	
8.773973e+002	6.969415e-001	6.114946e+002	
8.795007e+002	6.671695e-001	5.867760e+002	
8.815175e+002	6.386029e-001	5.629396e+002	
8.834509e+002	6.111987e-001	5.399641e+002	
8.853043e+002	5.849147e-001	5.178275e+002	
8.870805e+002	5.597100e-001	4.965078e+002	
8.887825e+002	5.355445e-001	4.759826e+002	
8.904133e+002	5.123793e-001	4.562294e+002	
8.919755e+002	4.901770e-001	4.372258e+002	
8.934718e+002	4.689007e-001	4.189495e+002	
8.949049e+002	4.485149e-001	4.013782e+002	
8.962772e+002	4.289852e-001	3.844897e+002	
8.975912e+002	4.102783e-001	3.682622e+002	
8.988491e+002	3.923619e-001	3.526741e+002	
9.000533e+002	3.752047e-001	3.377042e+002	
9.012060e+002	3.587766e-001	3.233316e+002	
9.023092e+002	3.430484e-001	3.095357e+002	
9.033649e+002	3.279920e-001	2.962965e+002	
9.043752e+002	3.135802e-001	2.835942e+002	
9.053419e+002	2.997869e-001	2.714096e+002	
9.062668e+002	2.865867e-001	2.597240e+002	
9.071517e+002	2.739554e-001	2.485191e+002	
9.079982e+002	2.618695e-001	2.377771e+002	
9.088081e+002	2.503065e-001	2.274806e+002	
9.095812e+002	2.392442e-001	2.176120e+002	
9.103216e+002	2.286624e-001	2.081564e+002	
9.110297e+002	2.185408e-001	1.990972e+002	
9.117069e+002	2.088600e-001	1.904191e+002	
9.123544e+002	1.996014e-001	1.821072e+002	
9.129734e+002	1.907472e-001	1.741471e+002	
9.135654e+002	1.822803e-001	1.665249e+002	
9.141313e+002	1.741841e-001	1.592272e+002	
9.146724e+002	1.664430e-001	1.522408e+002	
9.151895e+002	1.590417e-001	1.455533e+002	
9.156840e+002	1.519657e-001	1.391526e+002	
9.161566e+002	1.452010e-001	1.330269e+002	
9.166083e+002	1.387343e-001	1.271650e+002	
9.170401e+002	1.325526e-001	1.215561e+002	
9.174528e+002	1.266437e-001	1.161897e+002	
9.178473e+002	1.209958e-001	1.110557e+002	
9.182244e+002	1.155976e-001	1.061445e+002	
9.185848e+002	1.104382e-001	1.014468e+002	
9.189294e+002	1.055072e-001	9.695368e+001	
9.192589e+002	1.007947e-001	9.265645e+001	
9.195715e+002	9.629096e-002	8.854643e+001	
9.198719e+002	9.198719e-002	8.461643e+001	
9.201589e+002	8.787449e-002	8.085849e+001	
9.204331e+002	8.394450e-002	7.726530e+001	
9.206951e+002	8.018919e-002	7.382980e+001	
9.209454e+002	7.660091e-002	7.054526e+001	
9.211846e+002	7.317230e-002	6.740520e+001	
9.214131e+002	6.989634e-002	6.440341e+001	
9.216315e+002	6.676630e-002	6.153393e+001	
9.218401e+002	6.377576e-002	5.879105e+001	
9.220394e+002	6.091854e-002	5.616929e+001	
9.222291e+002	5.818873e-002	5.366334e+001	
9.224009e+002	5.558015e-002	5.126718e+001	
9.225201e+002	5.308549e-002	4.897243e+001	
9.225913e+002	5.070016e-002	4.677553e+001	
9.226417e+002	4.842092e-002	4.467517e+001	
9.226823e+002	4.624366e-002	4.266821e+001	
9.227172e+002	4.416402e-002	4.075090e+001	
9.227482e+002	4.217773e-002	3.891943e+001	
9.227765e+002	4.028066e-002	3.717004e+001	
9.228026e+002	3.846882e-002	3.549912e+001	
9.228249e+002	3.673832e-002	3.390304e+001	
9.228471e+002	3.508567e-002	3.237871e+001	
9.228679e+002	3.350731e-002	3.092282e+001	
9.228874e+002	3.199991e-002	2.953231e+001	
9.229058e+002	3.056028e-002	2.820426e+001	
9.229232e+002	2.918539e-002	2.693588e+001	
9.229396e+002	2.787233e-002	2.572448e+001	
9.229552e+002	2.661832e-002	2.456752e+001	
9.229699e+002	2.542070e-002	2.346254e+001	
9.229839e+002	2.427695e-002	2.240723e+001	
9.229972e+002	2.318464e-002	2.139936e+001	
9.230098e+002	2.214146e-002	2.043679e+001	
9.230218e+002	2.114521e-002	1.951749e+001	
9.230332e+002	2.019377e-002	1.863952e+001	
9.230441e+002	1.928512e-002	1.780102e+001	
9.230544e+002	1.841736e-002	1.700022e+001	
9.230643e+002	1.758863e-002	1.623543e+001	
9.230736e+002	1.679718e-002	1.550503e+001	
9.230826e+002	1.604134e-002	1.480748e+001	
9.230909e+002	1.531950e-002	1.414129e+001	
9.230990e+002	1.463013e-002	1.350506e+001	
9.231068e+002	1.397179e-002	1.289745e+001	
9.231141e+002	1.334306e-002	1.231716e+001	
9.231211e+002	1.274262e-002	1.176298e+001	
9.231277e+002	1.216919e-002	1.123372e+001	
9.231342e+002	1.162157e-002	1.072827e+001	
9.231402e+002	1.109859e-002	1.024555e+001	
9.231460e+002	1.059913e-002	9.784549e+000	
9.231515e+002	1.012215e-002	9.344282e+000	
9.231568e+002	9.666638e-003	8.923823e+000	
9.231618e+002	9.231618e-003	8.522277e+000	
