V(out)	I(R1)	power

%Step Information: Ifailure1=2.55889 Ifailure2=2.94  (Run: 3/24)
5.888743e-020	5.888743e+000	3.467730e-019	
6.166272e-020	5.888743e+000	3.631159e-019	
6.456879e-020	5.888743e+000	3.802290e-019	
6.761182e-020	5.888743e+000	3.981487e-019	
7.079827e-020	5.888743e+000	4.169129e-019	
7.413489e-020	5.888743e+000	4.365613e-019	
7.762876e-020	5.888743e+000	4.571359e-019	
8.128729e-020	5.888743e+000	4.786800e-019	
8.511824e-020	5.888743e+000	5.012395e-019	
8.912974e-020	5.888743e+000	5.248622e-019	
9.333030e-020	5.888743e+000	5.495982e-019	
9.772882e-020	5.888743e+000	5.754999e-019	
1.023346e-019	5.888743e+000	6.026224e-019	
1.071575e-019	5.888743e+000	6.310231e-019	
1.122077e-019	5.888743e+000	6.607623e-019	
1.174959e-019	5.888743e+000	6.919031e-019	
1.230333e-019	5.888743e+000	7.245115e-019	
1.288317e-019	5.888743e+000	7.586567e-019	
1.349033e-019	5.888743e+000	7.944110e-019	
1.412611e-019	5.888743e+000	8.318505e-019	
1.479185e-019	5.888743e+000	8.710543e-019	
1.548897e-019	5.888743e+000	9.121059e-019	
1.621895e-019	5.888743e+000	9.550921e-019	
1.698332e-019	5.888743e+000	1.000104e-018	
1.778372e-019	5.888743e+000	1.047238e-018	
1.862184e-019	5.888743e+000	1.096592e-018	
1.949946e-019	5.888743e+000	1.148273e-018	
2.041844e-019	5.888743e+000	1.202390e-018	
2.138074e-019	5.888743e+000	1.259057e-018	
2.238838e-019	5.888743e+000	1.318394e-018	
2.344351e-019	5.888743e+000	1.380528e-018	
2.454837e-019	5.888743e+000	1.445590e-018	
2.570530e-019	5.888743e+000	1.513719e-018	
2.691675e-019	5.888743e+000	1.585058e-018	
2.818530e-019	5.888743e+000	1.659760e-018	
2.951363e-019	5.888743e+000	1.737982e-018	
3.090457e-019	5.888743e+000	1.819891e-018	
3.236105e-019	5.888743e+000	1.905659e-018	
3.388618e-019	5.888743e+000	1.995470e-018	
3.548319e-019	5.888743e+000	2.089514e-018	
3.715546e-019	5.888743e+000	2.187990e-018	
3.890654e-019	5.888743e+000	2.291107e-018	
4.074015e-019	5.888743e+000	2.399083e-018	
4.266018e-019	5.888743e+000	2.512148e-018	
4.467069e-019	5.888743e+000	2.630542e-018	
4.677595e-019	5.888743e+000	2.754516e-018	
4.898043e-019	5.888743e+000	2.884332e-018	
5.128881e-019	5.888743e+000	3.020267e-018	
5.370598e-019	5.888743e+000	3.162607e-018	
5.623706e-019	5.888743e+000	3.311656e-018	
5.888744e-019	5.888743e+000	3.467730e-018	
6.166272e-019	5.888743e+000	3.631159e-018	
6.456879e-019	5.888743e+000	3.802290e-018	
6.761182e-019	5.888743e+000	3.981487e-018	
7.079827e-019	5.888743e+000	4.169128e-018	
7.413489e-019	5.888743e+000	4.365613e-018	
7.762876e-019	5.888743e+000	4.571358e-018	
8.128729e-019	5.888743e+000	4.786800e-018	
8.511824e-019	5.888743e+000	5.012395e-018	
8.912974e-019	5.888743e+000	5.248622e-018	
9.333029e-019	5.888743e+000	5.495981e-018	
9.772881e-019	5.888743e+000	5.754999e-018	
1.023346e-018	5.888743e+000	6.026224e-018	
1.071575e-018	5.888743e+000	6.310231e-018	
1.122077e-018	5.888743e+000	6.607623e-018	
1.174959e-018	5.888743e+000	6.919031e-018	
1.230333e-018	5.888743e+000	7.245115e-018	
1.288317e-018	5.888743e+000	7.586567e-018	
1.349033e-018	5.888743e+000	7.944111e-018	
1.412611e-018	5.888743e+000	8.318505e-018	
1.479185e-018	5.888743e+000	8.710544e-018	
1.548897e-018	5.888743e+000	9.121059e-018	
1.621895e-018	5.888743e+000	9.550922e-018	
1.698332e-018	5.888743e+000	1.000104e-017	
1.778372e-018	5.888743e+000	1.047238e-017	
1.862184e-018	5.888743e+000	1.096592e-017	
1.949946e-018	5.888743e+000	1.148273e-017	
2.041844e-018	5.888743e+000	1.202390e-017	
2.138073e-018	5.888743e+000	1.259057e-017	
2.238838e-018	5.888743e+000	1.318394e-017	
2.344351e-018	5.888743e+000	1.380528e-017	
2.454837e-018	5.888743e+000	1.445590e-017	
2.570530e-018	5.888743e+000	1.513719e-017	
2.691675e-018	5.888743e+000	1.585058e-017	
2.818530e-018	5.888743e+000	1.659760e-017	
2.951363e-018	5.888743e+000	1.737982e-017	
3.090457e-018	5.888743e+000	1.819891e-017	
3.236105e-018	5.888743e+000	1.905659e-017	
3.388618e-018	5.888743e+000	1.995470e-017	
3.548319e-018	5.888743e+000	2.089514e-017	
3.715546e-018	5.888743e+000	2.187990e-017	
3.890654e-018	5.888743e+000	2.291107e-017	
4.074015e-018	5.888743e+000	2.399083e-017	
4.266018e-018	5.888743e+000	2.512148e-017	
4.467069e-018	5.888743e+000	2.630542e-017	
4.677595e-018	5.888743e+000	2.754516e-017	
4.898044e-018	5.888743e+000	2.884332e-017	
5.128881e-018	5.888743e+000	3.020267e-017	
5.370598e-018	5.888743e+000	3.162607e-017	
5.623707e-018	5.888743e+000	3.311656e-017	
5.888743e-018	5.888743e+000	3.467730e-017	
6.166272e-018	5.888743e+000	3.631159e-017	
6.456879e-018	5.888743e+000	3.802290e-017	
6.761182e-018	5.888743e+000	3.981487e-017	
7.079827e-018	5.888743e+000	4.169129e-017	
7.413489e-018	5.888743e+000	4.365613e-017	
7.762876e-018	5.888743e+000	4.571358e-017	
8.128729e-018	5.888743e+000	4.786800e-017	
8.511824e-018	5.888743e+000	5.012395e-017	
8.912974e-018	5.888743e+000	5.248621e-017	
9.333029e-018	5.888743e+000	5.495981e-017	
9.772882e-018	5.888743e+000	5.754999e-017	
1.023346e-017	5.888743e+000	6.026224e-017	
1.071575e-017	5.888743e+000	6.310231e-017	
1.122077e-017	5.888743e+000	6.607623e-017	
1.174959e-017	5.888743e+000	6.919031e-017	
1.230333e-017	5.888743e+000	7.245115e-017	
1.288317e-017	5.888743e+000	7.586566e-017	
1.349033e-017	5.888743e+000	7.944111e-017	
1.412611e-017	5.888743e+000	8.318505e-017	
1.479186e-017	5.888743e+000	8.710544e-017	
1.548897e-017	5.888743e+000	9.121059e-017	
1.621895e-017	5.888743e+000	9.550922e-017	
1.698332e-017	5.888743e+000	1.000104e-016	
1.778372e-017	5.888743e+000	1.047238e-016	
1.862184e-017	5.888743e+000	1.096593e-016	
1.949946e-017	5.888743e+000	1.148273e-016	
2.041844e-017	5.888743e+000	1.202390e-016	
2.138074e-017	5.888743e+000	1.259057e-016	
2.238838e-017	5.888743e+000	1.318394e-016	
2.344351e-017	5.888743e+000	1.380528e-016	
2.454837e-017	5.888743e+000	1.445590e-016	
2.570530e-017	5.888743e+000	1.513719e-016	
2.691675e-017	5.888743e+000	1.585058e-016	
2.818530e-017	5.888743e+000	1.659760e-016	
2.951363e-017	5.888743e+000	1.737982e-016	
3.090457e-017	5.888743e+000	1.819891e-016	
3.236105e-017	5.888743e+000	1.905659e-016	
3.388618e-017	5.888743e+000	1.995470e-016	
3.548319e-017	5.888743e+000	2.089514e-016	
3.715546e-017	5.888743e+000	2.187990e-016	
3.890654e-017	5.888743e+000	2.291106e-016	
4.074015e-017	5.888743e+000	2.399083e-016	
4.266018e-017	5.888743e+000	2.512148e-016	
4.467069e-017	5.888743e+000	2.630542e-016	
4.677595e-017	5.888743e+000	2.754516e-016	
4.898043e-017	5.888743e+000	2.884332e-016	
5.128881e-017	5.888743e+000	3.020266e-016	
5.370598e-017	5.888743e+000	3.162607e-016	
5.623707e-017	5.888743e+000	3.311656e-016	
5.888744e-017	5.888743e+000	3.467730e-016	
6.166271e-017	5.888743e+000	3.631159e-016	
6.456879e-017	5.888743e+000	3.802290e-016	
6.761182e-017	5.888743e+000	3.981487e-016	
7.079827e-017	5.888743e+000	4.169128e-016	
7.413489e-017	5.888743e+000	4.365614e-016	
7.762876e-017	5.888743e+000	4.571358e-016	
8.128729e-017	5.888743e+000	4.786800e-016	
8.511824e-017	5.888743e+000	5.012395e-016	
8.912974e-017	5.888743e+000	5.248622e-016	
9.333029e-017	5.888743e+000	5.495981e-016	
9.772882e-017	5.888743e+000	5.754999e-016	
1.023346e-016	5.888743e+000	6.026224e-016	
1.071575e-016	5.888743e+000	6.310231e-016	
1.122077e-016	5.888743e+000	6.607623e-016	
1.174959e-016	5.888743e+000	6.919031e-016	
1.230333e-016	5.888743e+000	7.245115e-016	
1.288317e-016	5.888743e+000	7.586567e-016	
1.349033e-016	5.888743e+000	7.944111e-016	
1.412611e-016	5.888743e+000	8.318505e-016	
1.479186e-016	5.888743e+000	8.710544e-016	
1.548897e-016	5.888743e+000	9.121059e-016	
1.621895e-016	5.888743e+000	9.550921e-016	
1.698332e-016	5.888743e+000	1.000104e-015	
1.778372e-016	5.888743e+000	1.047238e-015	
1.862184e-016	5.888743e+000	1.096592e-015	
1.949946e-016	5.888743e+000	1.148273e-015	
2.041844e-016	5.888743e+000	1.202390e-015	
2.138074e-016	5.888743e+000	1.259057e-015	
2.238838e-016	5.888743e+000	1.318394e-015	
2.344351e-016	5.888743e+000	1.380528e-015	
2.454837e-016	5.888743e+000	1.445591e-015	
2.570530e-016	5.888743e+000	1.513719e-015	
2.691675e-016	5.888743e+000	1.585058e-015	
2.818530e-016	5.888743e+000	1.659760e-015	
2.951363e-016	5.888743e+000	1.737982e-015	
3.090457e-016	5.888743e+000	1.819891e-015	
3.236105e-016	5.888743e+000	1.905659e-015	
3.388618e-016	5.888743e+000	1.995470e-015	
3.548319e-016	5.888743e+000	2.089514e-015	
3.715546e-016	5.888743e+000	2.187990e-015	
3.890654e-016	5.888743e+000	2.291106e-015	
4.074015e-016	5.888743e+000	2.399083e-015	
4.266018e-016	5.888743e+000	2.512148e-015	
4.467069e-016	5.888743e+000	2.630542e-015	
4.677595e-016	5.888743e+000	2.754516e-015	
4.898044e-016	5.888743e+000	2.884332e-015	
5.128881e-016	5.888743e+000	3.020267e-015	
5.370598e-016	5.888743e+000	3.162607e-015	
5.623706e-016	5.888743e+000	3.311656e-015	
5.888744e-016	5.888743e+000	3.467730e-015	
6.166271e-016	5.888743e+000	3.631159e-015	
6.456879e-016	5.888743e+000	3.802290e-015	
6.761182e-016	5.888743e+000	3.981487e-015	
7.079827e-016	5.888743e+000	4.169128e-015	
7.413489e-016	5.888743e+000	4.365614e-015	
7.762876e-016	5.888743e+000	4.571358e-015	
8.128729e-016	5.888743e+000	4.786800e-015	
8.511824e-016	5.888743e+000	5.012395e-015	
8.912974e-016	5.888743e+000	5.248622e-015	
9.333029e-016	5.888743e+000	5.495982e-015	
9.772882e-016	5.888743e+000	5.754999e-015	
1.023346e-015	5.888743e+000	6.026224e-015	
1.071575e-015	5.888743e+000	6.310231e-015	
1.122077e-015	5.888743e+000	6.607623e-015	
1.174959e-015	5.888743e+000	6.919031e-015	
1.230333e-015	5.888743e+000	7.245115e-015	
1.288317e-015	5.888743e+000	7.586566e-015	
1.349033e-015	5.888743e+000	7.944110e-015	
1.412611e-015	5.888743e+000	8.318505e-015	
1.479185e-015	5.888743e+000	8.710544e-015	
1.548897e-015	5.888743e+000	9.121059e-015	
1.621895e-015	5.888743e+000	9.550921e-015	
1.698332e-015	5.888743e+000	1.000104e-014	
1.778372e-015	5.888743e+000	1.047238e-014	
1.862184e-015	5.888743e+000	1.096592e-014	
1.949946e-015	5.888743e+000	1.148273e-014	
2.041844e-015	5.888743e+000	1.202390e-014	
2.138074e-015	5.888743e+000	1.259057e-014	
2.238838e-015	5.888743e+000	1.318394e-014	
2.344351e-015	5.888743e+000	1.380528e-014	
2.454837e-015	5.888743e+000	1.445590e-014	
2.570530e-015	5.888743e+000	1.513719e-014	
2.691675e-015	5.888743e+000	1.585058e-014	
2.818530e-015	5.888743e+000	1.659760e-014	
2.951363e-015	5.888743e+000	1.737982e-014	
3.090456e-015	5.888743e+000	1.819891e-014	
3.236105e-015	5.888743e+000	1.905659e-014	
3.388618e-015	5.888743e+000	1.995470e-014	
3.548319e-015	5.888743e+000	2.089514e-014	
3.715546e-015	5.888743e+000	2.187990e-014	
3.890654e-015	5.888743e+000	2.291107e-014	
4.074015e-015	5.888743e+000	2.399083e-014	
4.266017e-015	5.888743e+000	2.512148e-014	
4.467069e-015	5.888743e+000	2.630542e-014	
4.677595e-015	5.888743e+000	2.754516e-014	
4.898043e-015	5.888743e+000	2.884332e-014	
5.128881e-015	5.888743e+000	3.020266e-014	
5.370598e-015	5.888743e+000	3.162607e-014	
5.623706e-015	5.888743e+000	3.311656e-014	
5.888744e-015	5.888743e+000	3.467730e-014	
6.166272e-015	5.888743e+000	3.631159e-014	
6.456879e-015	5.888743e+000	3.802290e-014	
6.761182e-015	5.888743e+000	3.981487e-014	
7.079827e-015	5.888743e+000	4.169128e-014	
7.413489e-015	5.888743e+000	4.365613e-014	
7.762876e-015	5.888743e+000	4.571358e-014	
8.128729e-015	5.888743e+000	4.786800e-014	
8.511824e-015	5.888743e+000	5.012395e-014	
8.912974e-015	5.888743e+000	5.248621e-014	
9.333029e-015	5.888743e+000	5.495981e-014	
9.772881e-015	5.888743e+000	5.754999e-014	
1.023346e-014	5.888743e+000	6.026224e-014	
1.071575e-014	5.888743e+000	6.310231e-014	
1.122077e-014	5.888743e+000	6.607623e-014	
1.174959e-014	5.888743e+000	6.919031e-014	
1.230333e-014	5.888743e+000	7.245115e-014	
1.288317e-014	5.888743e+000	7.586566e-014	
1.349033e-014	5.888743e+000	7.944110e-014	
1.412611e-014	5.888743e+000	8.318505e-014	
1.479185e-014	5.888743e+000	8.710544e-014	
1.548897e-014	5.888743e+000	9.121059e-014	
1.621895e-014	5.888743e+000	9.550921e-014	
1.698332e-014	5.888743e+000	1.000104e-013	
1.778372e-014	5.888743e+000	1.047238e-013	
1.862184e-014	5.888743e+000	1.096592e-013	
1.949946e-014	5.888743e+000	1.148273e-013	
2.041844e-014	5.888743e+000	1.202390e-013	
2.138074e-014	5.888743e+000	1.259057e-013	
2.238838e-014	5.888743e+000	1.318394e-013	
2.344351e-014	5.888743e+000	1.380528e-013	
2.454837e-014	5.888743e+000	1.445590e-013	
2.570530e-014	5.888743e+000	1.513719e-013	
2.691675e-014	5.888743e+000	1.585058e-013	
2.818530e-014	5.888743e+000	1.659760e-013	
2.951363e-014	5.888743e+000	1.737982e-013	
3.090457e-014	5.888743e+000	1.819891e-013	
3.236105e-014	5.888743e+000	1.905659e-013	
3.388618e-014	5.888743e+000	1.995470e-013	
3.548319e-014	5.888743e+000	2.089514e-013	
3.715546e-014	5.888743e+000	2.187990e-013	
3.890654e-014	5.888743e+000	2.291107e-013	
4.074015e-014	5.888743e+000	2.399083e-013	
4.266018e-014	5.888743e+000	2.512148e-013	
4.467069e-014	5.888743e+000	2.630542e-013	
4.677595e-014	5.888743e+000	2.754516e-013	
4.898044e-014	5.888743e+000	2.884332e-013	
5.128881e-014	5.888743e+000	3.020266e-013	
5.370598e-014	5.888743e+000	3.162607e-013	
5.623707e-014	5.888743e+000	3.311656e-013	
5.888744e-014	5.888743e+000	3.467730e-013	
6.166272e-014	5.888743e+000	3.631159e-013	
6.456879e-014	5.888743e+000	3.802290e-013	
6.761182e-014	5.888743e+000	3.981487e-013	
7.079827e-014	5.888743e+000	4.169128e-013	
7.413489e-014	5.888743e+000	4.365614e-013	
7.762876e-014	5.888743e+000	4.571359e-013	
8.128729e-014	5.888743e+000	4.786800e-013	
8.511824e-014	5.888743e+000	5.012395e-013	
8.912974e-014	5.888743e+000	5.248622e-013	
9.333030e-014	5.888743e+000	5.495982e-013	
9.772882e-014	5.888743e+000	5.754999e-013	
1.023346e-013	5.888743e+000	6.026224e-013	
1.071575e-013	5.888743e+000	6.310231e-013	
1.122077e-013	5.888743e+000	6.607623e-013	
1.174959e-013	5.888743e+000	6.919031e-013	
1.230333e-013	5.888743e+000	7.245115e-013	
1.288317e-013	5.888743e+000	7.586566e-013	
1.349033e-013	5.888743e+000	7.944110e-013	
1.412611e-013	5.888743e+000	8.318505e-013	
1.479186e-013	5.888743e+000	8.710544e-013	
1.548897e-013	5.888743e+000	9.121059e-013	
1.621895e-013	5.888743e+000	9.550921e-013	
1.698332e-013	5.888743e+000	1.000104e-012	
1.778372e-013	5.888743e+000	1.047238e-012	
1.862184e-013	5.888743e+000	1.096592e-012	
1.949946e-013	5.888743e+000	1.148273e-012	
2.041844e-013	5.888743e+000	1.202390e-012	
2.138074e-013	5.888743e+000	1.259057e-012	
2.238838e-013	5.888743e+000	1.318394e-012	
2.344351e-013	5.888743e+000	1.380528e-012	
2.454837e-013	5.888743e+000	1.445591e-012	
2.570530e-013	5.888743e+000	1.513719e-012	
2.691675e-013	5.888743e+000	1.585058e-012	
2.818530e-013	5.888743e+000	1.659760e-012	
2.951363e-013	5.888743e+000	1.737982e-012	
3.090456e-013	5.888743e+000	1.819891e-012	
3.236105e-013	5.888743e+000	1.905659e-012	
3.388618e-013	5.888743e+000	1.995470e-012	
3.548319e-013	5.888743e+000	2.089514e-012	
3.715546e-013	5.888743e+000	2.187990e-012	
3.890654e-013	5.888743e+000	2.291107e-012	
4.074015e-013	5.888743e+000	2.399083e-012	
4.266018e-013	5.888743e+000	2.512148e-012	
4.467069e-013	5.888743e+000	2.630542e-012	
4.677595e-013	5.888743e+000	2.754516e-012	
4.898044e-013	5.888743e+000	2.884332e-012	
5.128881e-013	5.888743e+000	3.020267e-012	
5.370598e-013	5.888743e+000	3.162607e-012	
5.623706e-013	5.888743e+000	3.311656e-012	
5.888743e-013	5.888743e+000	3.467730e-012	
6.166271e-013	5.888743e+000	3.631159e-012	
6.456879e-013	5.888743e+000	3.802290e-012	
6.761182e-013	5.888743e+000	3.981487e-012	
7.079827e-013	5.888743e+000	4.169129e-012	
7.413489e-013	5.888743e+000	4.365613e-012	
7.762876e-013	5.888743e+000	4.571358e-012	
8.128729e-013	5.888743e+000	4.786800e-012	
8.511824e-013	5.888743e+000	5.012395e-012	
8.912974e-013	5.888743e+000	5.248622e-012	
9.333029e-013	5.888743e+000	5.495981e-012	
9.772881e-013	5.888743e+000	5.754999e-012	
1.023346e-012	5.888743e+000	6.026224e-012	
1.071575e-012	5.888743e+000	6.310231e-012	
1.122077e-012	5.888743e+000	6.607623e-012	
1.174959e-012	5.888743e+000	6.919031e-012	
1.230333e-012	5.888743e+000	7.245115e-012	
1.288317e-012	5.888743e+000	7.586566e-012	
1.349033e-012	5.888743e+000	7.944110e-012	
1.412611e-012	5.888743e+000	8.318504e-012	
1.479185e-012	5.888743e+000	8.710544e-012	
1.548897e-012	5.888743e+000	9.121059e-012	
1.621895e-012	5.888743e+000	9.550922e-012	
1.698332e-012	5.888743e+000	1.000104e-011	
1.778372e-012	5.888743e+000	1.047238e-011	
1.862184e-012	5.888743e+000	1.096593e-011	
1.949946e-012	5.888743e+000	1.148273e-011	
2.041844e-012	5.888743e+000	1.202390e-011	
2.138074e-012	5.888743e+000	1.259057e-011	
2.238838e-012	5.888743e+000	1.318394e-011	
2.344351e-012	5.888743e+000	1.380528e-011	
2.454837e-012	5.888743e+000	1.445590e-011	
2.570530e-012	5.888743e+000	1.513719e-011	
2.691675e-012	5.888743e+000	1.585058e-011	
2.818530e-012	5.888743e+000	1.659760e-011	
2.951363e-012	5.888743e+000	1.737982e-011	
3.090456e-012	5.888743e+000	1.819891e-011	
3.236105e-012	5.888743e+000	1.905659e-011	
3.388618e-012	5.888743e+000	1.995470e-011	
3.548319e-012	5.888743e+000	2.089514e-011	
3.715546e-012	5.888743e+000	2.187990e-011	
3.890654e-012	5.888743e+000	2.291106e-011	
4.074015e-012	5.888743e+000	2.399083e-011	
4.266018e-012	5.888743e+000	2.512148e-011	
4.467069e-012	5.888743e+000	2.630542e-011	
4.677595e-012	5.888743e+000	2.754516e-011	
4.898043e-012	5.888743e+000	2.884332e-011	
5.128881e-012	5.888743e+000	3.020267e-011	
5.370598e-012	5.888743e+000	3.162607e-011	
5.623706e-012	5.888743e+000	3.311656e-011	
5.888743e-012	5.888743e+000	3.467730e-011	
6.166271e-012	5.888743e+000	3.631159e-011	
6.456879e-012	5.888743e+000	3.802290e-011	
6.761182e-012	5.888743e+000	3.981487e-011	
7.079827e-012	5.888743e+000	4.169128e-011	
7.413489e-012	5.888743e+000	4.365613e-011	
7.762875e-012	5.888743e+000	4.571358e-011	
8.128729e-012	5.888743e+000	4.786800e-011	
8.511824e-012	5.888743e+000	5.012395e-011	
8.912974e-012	5.888743e+000	5.248621e-011	
9.333029e-012	5.888743e+000	5.495981e-011	
9.772881e-012	5.888743e+000	5.754999e-011	
1.023346e-011	5.888743e+000	6.026224e-011	
1.071575e-011	5.888743e+000	6.310231e-011	
1.122077e-011	5.888743e+000	6.607623e-011	
1.174959e-011	5.888743e+000	6.919031e-011	
1.230333e-011	5.888743e+000	7.245115e-011	
1.288317e-011	5.888743e+000	7.586566e-011	
1.349033e-011	5.888743e+000	7.944110e-011	
1.412611e-011	5.888743e+000	8.318505e-011	
1.479186e-011	5.888743e+000	8.710544e-011	
1.548897e-011	5.888743e+000	9.121059e-011	
1.621895e-011	5.888743e+000	9.550921e-011	
1.698332e-011	5.888743e+000	1.000104e-010	
1.778372e-011	5.888743e+000	1.047238e-010	
1.862184e-011	5.888743e+000	1.096592e-010	
1.949946e-011	5.888743e+000	1.148273e-010	
2.041844e-011	5.888743e+000	1.202390e-010	
2.138074e-011	5.888743e+000	1.259057e-010	
2.238838e-011	5.888743e+000	1.318394e-010	
2.344351e-011	5.888743e+000	1.380528e-010	
2.454837e-011	5.888743e+000	1.445590e-010	
2.570530e-011	5.888743e+000	1.513719e-010	
2.691675e-011	5.888743e+000	1.585058e-010	
2.818530e-011	5.888743e+000	1.659760e-010	
2.951363e-011	5.888743e+000	1.737982e-010	
3.090456e-011	5.888743e+000	1.819890e-010	
3.236105e-011	5.888743e+000	1.905659e-010	
3.388618e-011	5.888743e+000	1.995470e-010	
3.548319e-011	5.888743e+000	2.089514e-010	
3.715546e-011	5.888743e+000	2.187990e-010	
3.890654e-011	5.888743e+000	2.291106e-010	
4.074015e-011	5.888743e+000	2.399083e-010	
4.266017e-011	5.888743e+000	2.512148e-010	
4.467069e-011	5.888743e+000	2.630542e-010	
4.677595e-011	5.888743e+000	2.754516e-010	
4.898043e-011	5.888743e+000	2.884332e-010	
5.128881e-011	5.888743e+000	3.020267e-010	
5.370598e-011	5.888743e+000	3.162607e-010	
5.623706e-011	5.888743e+000	3.311656e-010	
5.888744e-011	5.888743e+000	3.467730e-010	
6.166272e-011	5.888743e+000	3.631159e-010	
6.456879e-011	5.888743e+000	3.802290e-010	
6.761182e-011	5.888743e+000	3.981487e-010	
7.079827e-011	5.888743e+000	4.169128e-010	
7.413489e-011	5.888743e+000	4.365613e-010	
7.762876e-011	5.888743e+000	4.571358e-010	
8.128729e-011	5.888743e+000	4.786800e-010	
8.511824e-011	5.888743e+000	5.012395e-010	
8.912974e-011	5.888743e+000	5.248622e-010	
9.333029e-011	5.888743e+000	5.495982e-010	
9.772882e-011	5.888743e+000	5.754999e-010	
1.023346e-010	5.888743e+000	6.026224e-010	
1.071575e-010	5.888743e+000	6.310231e-010	
1.122077e-010	5.888743e+000	6.607623e-010	
1.174959e-010	5.888743e+000	6.919031e-010	
1.230333e-010	5.888743e+000	7.245115e-010	
1.288317e-010	5.888743e+000	7.586566e-010	
1.349033e-010	5.888743e+000	7.944111e-010	
1.412611e-010	5.888743e+000	8.318505e-010	
1.479186e-010	5.888743e+000	8.710544e-010	
1.548897e-010	5.888743e+000	9.121059e-010	
1.621895e-010	5.888743e+000	9.550922e-010	
1.698332e-010	5.888743e+000	1.000104e-009	
1.778372e-010	5.888743e+000	1.047238e-009	
1.862184e-010	5.888743e+000	1.096592e-009	
1.949946e-010	5.888743e+000	1.148273e-009	
2.041844e-010	5.888743e+000	1.202390e-009	
2.138074e-010	5.888743e+000	1.259057e-009	
2.238838e-010	5.888743e+000	1.318394e-009	
2.344351e-010	5.888743e+000	1.380528e-009	
2.454837e-010	5.888743e+000	1.445590e-009	
2.570530e-010	5.888743e+000	1.513719e-009	
2.691675e-010	5.888743e+000	1.585058e-009	
2.818530e-010	5.888743e+000	1.659760e-009	
2.951363e-010	5.888743e+000	1.737982e-009	
3.090457e-010	5.888743e+000	1.819891e-009	
3.236105e-010	5.888743e+000	1.905659e-009	
3.388618e-010	5.888743e+000	1.995470e-009	
3.548319e-010	5.888743e+000	2.089514e-009	
3.715546e-010	5.888743e+000	2.187990e-009	
3.890654e-010	5.888743e+000	2.291106e-009	
4.074015e-010	5.888743e+000	2.399083e-009	
4.266018e-010	5.888743e+000	2.512148e-009	
4.467069e-010	5.888743e+000	2.630542e-009	
4.677595e-010	5.888743e+000	2.754516e-009	
4.898044e-010	5.888743e+000	2.884332e-009	
5.128881e-010	5.888743e+000	3.020267e-009	
5.370598e-010	5.888743e+000	3.162607e-009	
5.623707e-010	5.888743e+000	3.311656e-009	
5.888743e-010	5.888743e+000	3.467730e-009	
6.166271e-010	5.888743e+000	3.631159e-009	
6.456879e-010	5.888743e+000	3.802290e-009	
6.761182e-010	5.888743e+000	3.981487e-009	
7.079827e-010	5.888743e+000	4.169128e-009	
7.413489e-010	5.888743e+000	4.365613e-009	
7.762876e-010	5.888743e+000	4.571358e-009	
8.128729e-010	5.888743e+000	4.786800e-009	
8.511824e-010	5.888743e+000	5.012395e-009	
8.912974e-010	5.888743e+000	5.248622e-009	
9.333030e-010	5.888743e+000	5.495982e-009	
9.772881e-010	5.888743e+000	5.754999e-009	
1.023346e-009	5.888743e+000	6.026224e-009	
1.071575e-009	5.888743e+000	6.310231e-009	
1.122077e-009	5.888743e+000	6.607623e-009	
1.174959e-009	5.888743e+000	6.919031e-009	
1.230333e-009	5.888743e+000	7.245115e-009	
1.288317e-009	5.888743e+000	7.586566e-009	
1.349033e-009	5.888743e+000	7.944110e-009	
1.412611e-009	5.888743e+000	8.318505e-009	
1.479186e-009	5.888743e+000	8.710544e-009	
1.548897e-009	5.888743e+000	9.121059e-009	
1.621895e-009	5.888743e+000	9.550921e-009	
1.698332e-009	5.888743e+000	1.000104e-008	
1.778372e-009	5.888743e+000	1.047238e-008	
1.862184e-009	5.888743e+000	1.096592e-008	
1.949946e-009	5.888743e+000	1.148273e-008	
2.041844e-009	5.888743e+000	1.202390e-008	
2.138073e-009	5.888743e+000	1.259057e-008	
2.238838e-009	5.888743e+000	1.318394e-008	
2.344351e-009	5.888743e+000	1.380528e-008	
2.454837e-009	5.888743e+000	1.445590e-008	
2.570530e-009	5.888743e+000	1.513719e-008	
2.691675e-009	5.888743e+000	1.585058e-008	
2.818530e-009	5.888743e+000	1.659760e-008	
2.951363e-009	5.888743e+000	1.737982e-008	
3.090457e-009	5.888743e+000	1.819891e-008	
3.236105e-009	5.888743e+000	1.905659e-008	
3.388618e-009	5.888743e+000	1.995470e-008	
3.548319e-009	5.888743e+000	2.089514e-008	
3.715546e-009	5.888743e+000	2.187990e-008	
3.890654e-009	5.888743e+000	2.291107e-008	
4.074015e-009	5.888743e+000	2.399083e-008	
4.266018e-009	5.888743e+000	2.512148e-008	
4.467069e-009	5.888743e+000	2.630542e-008	
4.677595e-009	5.888743e+000	2.754516e-008	
4.898043e-009	5.888743e+000	2.884332e-008	
5.128881e-009	5.888743e+000	3.020267e-008	
5.370598e-009	5.888743e+000	3.162607e-008	
5.623706e-009	5.888743e+000	3.311656e-008	
5.888744e-009	5.888743e+000	3.467730e-008	
6.166271e-009	5.888743e+000	3.631159e-008	
6.456879e-009	5.888743e+000	3.802290e-008	
6.761182e-009	5.888743e+000	3.981487e-008	
7.079827e-009	5.888743e+000	4.169128e-008	
7.413489e-009	5.888743e+000	4.365613e-008	
7.762876e-009	5.888743e+000	4.571358e-008	
8.128729e-009	5.888743e+000	4.786800e-008	
8.511824e-009	5.888743e+000	5.012395e-008	
8.912974e-009	5.888743e+000	5.248622e-008	
9.333029e-009	5.888743e+000	5.495982e-008	
9.772882e-009	5.888743e+000	5.754999e-008	
1.023346e-008	5.888743e+000	6.026224e-008	
1.071575e-008	5.888743e+000	6.310231e-008	
1.122077e-008	5.888743e+000	6.607623e-008	
1.174959e-008	5.888743e+000	6.919031e-008	
1.230333e-008	5.888743e+000	7.245115e-008	
1.288317e-008	5.888743e+000	7.586567e-008	
1.349033e-008	5.888743e+000	7.944111e-008	
1.412611e-008	5.888743e+000	8.318505e-008	
1.479185e-008	5.888743e+000	8.710544e-008	
1.548897e-008	5.888743e+000	9.121059e-008	
1.621895e-008	5.888743e+000	9.550921e-008	
1.698332e-008	5.888743e+000	1.000104e-007	
1.778372e-008	5.888743e+000	1.047238e-007	
1.862184e-008	5.888743e+000	1.096592e-007	
1.949946e-008	5.888743e+000	1.148273e-007	
2.041844e-008	5.888743e+000	1.202390e-007	
2.138074e-008	5.888743e+000	1.259057e-007	
2.238838e-008	5.888743e+000	1.318394e-007	
2.344351e-008	5.888743e+000	1.380528e-007	
2.454837e-008	5.888743e+000	1.445590e-007	
2.570530e-008	5.888743e+000	1.513719e-007	
2.691675e-008	5.888743e+000	1.585058e-007	
2.818530e-008	5.888743e+000	1.659760e-007	
2.951363e-008	5.888743e+000	1.737982e-007	
3.090457e-008	5.888743e+000	1.819891e-007	
3.236105e-008	5.888743e+000	1.905659e-007	
3.388618e-008	5.888743e+000	1.995470e-007	
3.548319e-008	5.888743e+000	2.089514e-007	
3.715546e-008	5.888743e+000	2.187990e-007	
3.890654e-008	5.888743e+000	2.291106e-007	
4.074015e-008	5.888743e+000	2.399083e-007	
4.266018e-008	5.888743e+000	2.512148e-007	
4.467069e-008	5.888743e+000	2.630542e-007	
4.677595e-008	5.888743e+000	2.754516e-007	
4.898044e-008	5.888743e+000	2.884332e-007	
5.128881e-008	5.888743e+000	3.020266e-007	
5.370598e-008	5.888743e+000	3.162607e-007	
5.623706e-008	5.888743e+000	3.311656e-007	
5.888743e-008	5.888743e+000	3.467730e-007	
6.166272e-008	5.888743e+000	3.631159e-007	
6.456879e-008	5.888743e+000	3.802290e-007	
6.761182e-008	5.888743e+000	3.981487e-007	
7.079827e-008	5.888743e+000	4.169129e-007	
7.413489e-008	5.888743e+000	4.365613e-007	
7.762875e-008	5.888743e+000	4.571358e-007	
8.128729e-008	5.888743e+000	4.786800e-007	
8.511824e-008	5.888743e+000	5.012395e-007	
8.912974e-008	5.888743e+000	5.248622e-007	
9.333029e-008	5.888743e+000	5.495981e-007	
9.772882e-008	5.888743e+000	5.754999e-007	
1.023346e-007	5.888743e+000	6.026224e-007	
1.071575e-007	5.888743e+000	6.310231e-007	
1.122077e-007	5.888743e+000	6.607623e-007	
1.174959e-007	5.888743e+000	6.919031e-007	
1.230333e-007	5.888743e+000	7.245115e-007	
1.288317e-007	5.888743e+000	7.586567e-007	
1.349033e-007	5.888743e+000	7.944110e-007	
1.412611e-007	5.888743e+000	8.318504e-007	
1.479186e-007	5.888743e+000	8.710544e-007	
1.548897e-007	5.888743e+000	9.121059e-007	
1.621895e-007	5.888743e+000	9.550921e-007	
1.698332e-007	5.888743e+000	1.000104e-006	
1.778372e-007	5.888743e+000	1.047238e-006	
1.862184e-007	5.888743e+000	1.096592e-006	
1.949946e-007	5.888743e+000	1.148273e-006	
2.041844e-007	5.888743e+000	1.202390e-006	
2.138074e-007	5.888743e+000	1.259057e-006	
2.238838e-007	5.888743e+000	1.318394e-006	
2.344351e-007	5.888743e+000	1.380528e-006	
2.454837e-007	5.888743e+000	1.445590e-006	
2.570530e-007	5.888743e+000	1.513719e-006	
2.691675e-007	5.888743e+000	1.585058e-006	
2.818530e-007	5.888743e+000	1.659760e-006	
2.951363e-007	5.888743e+000	1.737982e-006	
3.090456e-007	5.888743e+000	1.819891e-006	
3.236105e-007	5.888743e+000	1.905659e-006	
3.388618e-007	5.888743e+000	1.995470e-006	
3.548319e-007	5.888743e+000	2.089514e-006	
3.715546e-007	5.888743e+000	2.187990e-006	
3.890654e-007	5.888743e+000	2.291107e-006	
4.074015e-007	5.888743e+000	2.399083e-006	
4.266018e-007	5.888743e+000	2.512148e-006	
4.467069e-007	5.888743e+000	2.630542e-006	
4.677595e-007	5.888743e+000	2.754516e-006	
4.898043e-007	5.888743e+000	2.884332e-006	
5.128881e-007	5.888743e+000	3.020266e-006	
5.370598e-007	5.888743e+000	3.162607e-006	
5.623706e-007	5.888743e+000	3.311656e-006	
5.888743e-007	5.888743e+000	3.467730e-006	
6.166271e-007	5.888743e+000	3.631159e-006	
6.456879e-007	5.888743e+000	3.802290e-006	
6.761182e-007	5.888743e+000	3.981487e-006	
7.079827e-007	5.888743e+000	4.169128e-006	
7.413489e-007	5.888743e+000	4.365614e-006	
7.762876e-007	5.888743e+000	4.571359e-006	
8.128729e-007	5.888743e+000	4.786800e-006	
8.511824e-007	5.888743e+000	5.012395e-006	
8.912974e-007	5.888743e+000	5.248622e-006	
9.333029e-007	5.888743e+000	5.495982e-006	
9.772882e-007	5.888743e+000	5.754999e-006	
1.023346e-006	5.888743e+000	6.026224e-006	
1.071575e-006	5.888743e+000	6.310231e-006	
1.122077e-006	5.888743e+000	6.607623e-006	
1.174959e-006	5.888743e+000	6.919031e-006	
1.230333e-006	5.888743e+000	7.245115e-006	
1.288317e-006	5.888743e+000	7.586567e-006	
1.349033e-006	5.888743e+000	7.944111e-006	
1.412611e-006	5.888743e+000	8.318505e-006	
1.479185e-006	5.888743e+000	8.710544e-006	
1.548897e-006	5.888743e+000	9.121059e-006	
1.621895e-006	5.888743e+000	9.550921e-006	
1.698332e-006	5.888743e+000	1.000104e-005	
1.778372e-006	5.888743e+000	1.047238e-005	
1.862184e-006	5.888743e+000	1.096593e-005	
1.949946e-006	5.888743e+000	1.148273e-005	
2.041844e-006	5.888743e+000	1.202390e-005	
2.138074e-006	5.888743e+000	1.259057e-005	
2.238838e-006	5.888743e+000	1.318394e-005	
2.344351e-006	5.888743e+000	1.380528e-005	
2.454837e-006	5.888743e+000	1.445590e-005	
2.570530e-006	5.888743e+000	1.513719e-005	
2.691675e-006	5.888743e+000	1.585058e-005	
2.818530e-006	5.888743e+000	1.659760e-005	
2.951363e-006	5.888743e+000	1.737982e-005	
3.090457e-006	5.888743e+000	1.819891e-005	
3.236105e-006	5.888743e+000	1.905659e-005	
3.388618e-006	5.888743e+000	1.995470e-005	
3.548319e-006	5.888743e+000	2.089514e-005	
3.715546e-006	5.888743e+000	2.187990e-005	
3.890654e-006	5.888743e+000	2.291106e-005	
4.074015e-006	5.888743e+000	2.399083e-005	
4.266018e-006	5.888743e+000	2.512148e-005	
4.467069e-006	5.888743e+000	2.630542e-005	
4.677595e-006	5.888743e+000	2.754516e-005	
4.898044e-006	5.888743e+000	2.884332e-005	
5.128881e-006	5.888743e+000	3.020267e-005	
5.370598e-006	5.888743e+000	3.162607e-005	
5.623706e-006	5.888743e+000	3.311656e-005	
5.888744e-006	5.888743e+000	3.467730e-005	
6.166271e-006	5.888743e+000	3.631159e-005	
6.456879e-006	5.888743e+000	3.802290e-005	
6.761182e-006	5.888743e+000	3.981487e-005	
7.079827e-006	5.888743e+000	4.169128e-005	
7.413489e-006	5.888743e+000	4.365613e-005	
7.762876e-006	5.888743e+000	4.571358e-005	
8.128729e-006	5.888743e+000	4.786800e-005	
8.511824e-006	5.888743e+000	5.012395e-005	
8.912974e-006	5.888743e+000	5.248622e-005	
9.333029e-006	5.888743e+000	5.495981e-005	
9.772882e-006	5.888743e+000	5.754999e-005	
1.023346e-005	5.888743e+000	6.026224e-005	
1.071575e-005	5.888743e+000	6.310231e-005	
1.122077e-005	5.888743e+000	6.607623e-005	
1.174959e-005	5.888743e+000	6.919031e-005	
1.230333e-005	5.888743e+000	7.245115e-005	
1.288317e-005	5.888743e+000	7.586567e-005	
1.349033e-005	5.888743e+000	7.944110e-005	
1.412611e-005	5.888743e+000	8.318505e-005	
1.479186e-005	5.888743e+000	8.710544e-005	
1.548897e-005	5.888743e+000	9.121059e-005	
1.621895e-005	5.888743e+000	9.550921e-005	
1.698332e-005	5.888743e+000	1.000104e-004	
1.778372e-005	5.888743e+000	1.047238e-004	
1.862184e-005	5.888743e+000	1.096593e-004	
1.949946e-005	5.888743e+000	1.148273e-004	
2.041844e-005	5.888743e+000	1.202390e-004	
2.138074e-005	5.888743e+000	1.259057e-004	
2.238838e-005	5.888743e+000	1.318394e-004	
2.344351e-005	5.888743e+000	1.380528e-004	
2.454837e-005	5.888743e+000	1.445590e-004	
2.570530e-005	5.888743e+000	1.513719e-004	
2.691675e-005	5.888743e+000	1.585058e-004	
2.818530e-005	5.888743e+000	1.659760e-004	
2.951363e-005	5.888743e+000	1.737982e-004	
3.090456e-005	5.888743e+000	1.819891e-004	
3.236105e-005	5.888743e+000	1.905659e-004	
3.388618e-005	5.888743e+000	1.995470e-004	
3.548319e-005	5.888743e+000	2.089514e-004	
3.715546e-005	5.888743e+000	2.187990e-004	
3.890654e-005	5.888743e+000	2.291106e-004	
4.074015e-005	5.888743e+000	2.399083e-004	
4.266018e-005	5.888743e+000	2.512148e-004	
4.467069e-005	5.888743e+000	2.630542e-004	
4.677595e-005	5.888743e+000	2.754516e-004	
4.898044e-005	5.888743e+000	2.884332e-004	
5.128881e-005	5.888743e+000	3.020266e-004	
5.370598e-005	5.888743e+000	3.162607e-004	
5.623706e-005	5.888743e+000	3.311656e-004	
5.888744e-005	5.888743e+000	3.467730e-004	
6.166271e-005	5.888743e+000	3.631159e-004	
6.456879e-005	5.888743e+000	3.802290e-004	
6.761182e-005	5.888743e+000	3.981487e-004	
7.079827e-005	5.888743e+000	4.169128e-004	
7.413489e-005	5.888743e+000	4.365614e-004	
7.762876e-005	5.888743e+000	4.571358e-004	
8.128729e-005	5.888743e+000	4.786800e-004	
8.511824e-005	5.888743e+000	5.012395e-004	
8.912974e-005	5.888743e+000	5.248622e-004	
9.333029e-005	5.888743e+000	5.495982e-004	
9.772881e-005	5.888743e+000	5.754999e-004	
1.023346e-004	5.888743e+000	6.026224e-004	
1.071575e-004	5.888743e+000	6.310231e-004	
1.122077e-004	5.888743e+000	6.607623e-004	
1.174959e-004	5.888743e+000	6.919031e-004	
1.230333e-004	5.888743e+000	7.245114e-004	
1.288317e-004	5.888743e+000	7.586567e-004	
1.349033e-004	5.888743e+000	7.944111e-004	
1.412611e-004	5.888743e+000	8.318505e-004	
1.479185e-004	5.888743e+000	8.710544e-004	
1.548897e-004	5.888743e+000	9.121059e-004	
1.621895e-004	5.888743e+000	9.550921e-004	
1.698332e-004	5.888743e+000	1.000104e-003	
1.778372e-004	5.888743e+000	1.047238e-003	
1.862184e-004	5.888743e+000	1.096592e-003	
1.949946e-004	5.888743e+000	1.148273e-003	
2.041844e-004	5.888743e+000	1.202390e-003	
2.138074e-004	5.888743e+000	1.259057e-003	
2.238838e-004	5.888743e+000	1.318394e-003	
2.344351e-004	5.888743e+000	1.380528e-003	
2.454837e-004	5.888743e+000	1.445590e-003	
2.570530e-004	5.888743e+000	1.513719e-003	
2.691675e-004	5.888743e+000	1.585058e-003	
2.818530e-004	5.888743e+000	1.659760e-003	
2.951363e-004	5.888743e+000	1.737982e-003	
3.090457e-004	5.888743e+000	1.819891e-003	
3.236105e-004	5.888743e+000	1.905659e-003	
3.388618e-004	5.888743e+000	1.995470e-003	
3.548319e-004	5.888743e+000	2.089514e-003	
3.715546e-004	5.888743e+000	2.187990e-003	
3.890654e-004	5.888743e+000	2.291106e-003	
4.074015e-004	5.888743e+000	2.399083e-003	
4.266018e-004	5.888743e+000	2.512148e-003	
4.467069e-004	5.888743e+000	2.630542e-003	
4.677595e-004	5.888743e+000	2.754516e-003	
4.898044e-004	5.888743e+000	2.884332e-003	
5.128881e-004	5.888743e+000	3.020267e-003	
5.370598e-004	5.888743e+000	3.162607e-003	
5.623706e-004	5.888743e+000	3.311656e-003	
5.888743e-004	5.888743e+000	3.467730e-003	
6.166272e-004	5.888743e+000	3.631159e-003	
6.456879e-004	5.888743e+000	3.802290e-003	
6.761182e-004	5.888743e+000	3.981487e-003	
7.079827e-004	5.888743e+000	4.169128e-003	
7.413489e-004	5.888743e+000	4.365613e-003	
7.762876e-004	5.888743e+000	4.571358e-003	
8.128729e-004	5.888743e+000	4.786800e-003	
8.511824e-004	5.888743e+000	5.012395e-003	
8.912974e-004	5.888743e+000	5.248622e-003	
9.333030e-004	5.888743e+000	5.495982e-003	
9.772881e-004	5.888743e+000	5.754999e-003	
1.023346e-003	5.888743e+000	6.026224e-003	
1.071575e-003	5.888743e+000	6.310231e-003	
1.122077e-003	5.888743e+000	6.607624e-003	
1.174959e-003	5.888743e+000	6.919031e-003	
1.230333e-003	5.888743e+000	7.245115e-003	
1.288317e-003	5.888743e+000	7.586566e-003	
1.349033e-003	5.888743e+000	7.944110e-003	
1.412611e-003	5.888743e+000	8.318505e-003	
1.479186e-003	5.888743e+000	8.710544e-003	
1.548897e-003	5.888743e+000	9.121059e-003	
1.621895e-003	5.888743e+000	9.550921e-003	
1.698332e-003	5.888743e+000	1.000104e-002	
1.778372e-003	5.888743e+000	1.047238e-002	
1.862184e-003	5.888743e+000	1.096593e-002	
1.949946e-003	5.888743e+000	1.148273e-002	
2.041844e-003	5.888743e+000	1.202390e-002	
2.138074e-003	5.888743e+000	1.259057e-002	
2.238838e-003	5.888743e+000	1.318394e-002	
2.344351e-003	5.888743e+000	1.380528e-002	
2.454837e-003	5.888743e+000	1.445590e-002	
2.570530e-003	5.888743e+000	1.513719e-002	
2.691675e-003	5.888743e+000	1.585058e-002	
2.818530e-003	5.888743e+000	1.659760e-002	
2.951363e-003	5.888743e+000	1.737982e-002	
3.090457e-003	5.888743e+000	1.819891e-002	
3.236105e-003	5.888743e+000	1.905659e-002	
3.388618e-003	5.888743e+000	1.995470e-002	
3.548319e-003	5.888743e+000	2.089514e-002	
3.715546e-003	5.888743e+000	2.187990e-002	
3.890654e-003	5.888743e+000	2.291106e-002	
4.074015e-003	5.888743e+000	2.399083e-002	
4.266018e-003	5.888743e+000	2.512148e-002	
4.467069e-003	5.888743e+000	2.630542e-002	
4.677595e-003	5.888743e+000	2.754516e-002	
4.898043e-003	5.888743e+000	2.884332e-002	
5.128881e-003	5.888743e+000	3.020266e-002	
5.370598e-003	5.888743e+000	3.162607e-002	
5.623706e-003	5.888743e+000	3.311656e-002	
5.888743e-003	5.888743e+000	3.467730e-002	
6.166271e-003	5.888743e+000	3.631159e-002	
6.456879e-003	5.888743e+000	3.802290e-002	
6.761182e-003	5.888743e+000	3.981487e-002	
7.079827e-003	5.888743e+000	4.169128e-002	
7.413489e-003	5.888743e+000	4.365613e-002	
7.762876e-003	5.888743e+000	4.571358e-002	
8.128729e-003	5.888743e+000	4.786800e-002	
8.511824e-003	5.888743e+000	5.012395e-002	
8.912974e-003	5.888743e+000	5.248622e-002	
9.333029e-003	5.888743e+000	5.495982e-002	
9.772882e-003	5.888743e+000	5.754999e-002	
1.023346e-002	5.888743e+000	6.026224e-002	
1.071575e-002	5.888743e+000	6.310231e-002	
1.122077e-002	5.888743e+000	6.607623e-002	
1.174959e-002	5.888743e+000	6.919031e-002	
1.230333e-002	5.888743e+000	7.245115e-002	
1.288317e-002	5.888743e+000	7.586566e-002	
1.349033e-002	5.888743e+000	7.944110e-002	
1.412611e-002	5.888743e+000	8.318505e-002	
1.479185e-002	5.888743e+000	8.710544e-002	
1.548897e-002	5.888743e+000	9.121059e-002	
1.621895e-002	5.888743e+000	9.550921e-002	
1.698332e-002	5.888743e+000	1.000104e-001	
1.778372e-002	5.888743e+000	1.047238e-001	
1.862184e-002	5.888743e+000	1.096592e-001	
1.949946e-002	5.888743e+000	1.148273e-001	
2.041844e-002	5.888743e+000	1.202390e-001	
2.138073e-002	5.888743e+000	1.259057e-001	
2.238838e-002	5.888743e+000	1.318394e-001	
2.344351e-002	5.888743e+000	1.380528e-001	
2.454837e-002	5.888743e+000	1.445590e-001	
2.570530e-002	5.888743e+000	1.513719e-001	
2.691675e-002	5.888743e+000	1.585058e-001	
2.818530e-002	5.888743e+000	1.659760e-001	
2.951363e-002	5.888743e+000	1.737982e-001	
3.090456e-002	5.888743e+000	1.819890e-001	
3.236105e-002	5.888743e+000	1.905659e-001	
3.388618e-002	5.888743e+000	1.995470e-001	
3.548319e-002	5.888743e+000	2.089514e-001	
3.715546e-002	5.888743e+000	2.187989e-001	
3.890654e-002	5.888743e+000	2.291106e-001	
4.074015e-002	5.888743e+000	2.399083e-001	
4.266017e-002	5.888743e+000	2.512148e-001	
4.467068e-002	5.888743e+000	2.630542e-001	
4.677595e-002	5.888743e+000	2.754515e-001	
4.898043e-002	5.888743e+000	2.884332e-001	
5.128881e-002	5.888743e+000	3.020266e-001	
5.370597e-002	5.888743e+000	3.162607e-001	
5.623706e-002	5.888743e+000	3.311656e-001	
5.888743e-002	5.888743e+000	3.467729e-001	
6.166271e-002	5.888743e+000	3.631158e-001	
6.456878e-002	5.888742e+000	3.802289e-001	
6.761181e-002	5.888742e+000	3.981486e-001	
7.079826e-002	5.888742e+000	4.169127e-001	
7.413488e-002	5.888742e+000	4.365612e-001	
7.762875e-002	5.888742e+000	4.571357e-001	
8.128727e-002	5.888742e+000	4.786798e-001	
8.511823e-002	5.888742e+000	5.012393e-001	
8.912972e-002	5.888742e+000	5.248620e-001	
9.333028e-002	5.888742e+000	5.495980e-001	
9.772880e-002	5.888742e+000	5.754997e-001	
1.023346e-001	5.888742e+000	6.026221e-001	
1.071575e-001	5.888742e+000	6.310228e-001	
1.122077e-001	5.888742e+000	6.607620e-001	
1.174958e-001	5.888742e+000	6.919027e-001	
1.230333e-001	5.888742e+000	7.245111e-001	
1.288316e-001	5.888742e+000	7.586563e-001	
1.349033e-001	5.888742e+000	7.944106e-001	
1.412611e-001	5.888741e+000	8.318499e-001	
1.479185e-001	5.888741e+000	8.710539e-001	
1.548897e-001	5.888741e+000	9.121053e-001	
1.621894e-001	5.888741e+000	9.550915e-001	
1.698332e-001	5.888741e+000	1.000104e+000	
1.778371e-001	5.888741e+000	1.047237e+000	
1.862184e-001	5.888741e+000	1.096592e+000	
1.949945e-001	5.888741e+000	1.148272e+000	
2.041843e-001	5.888741e+000	1.202389e+000	
2.138073e-001	5.888741e+000	1.259055e+000	
2.238837e-001	5.888741e+000	1.318393e+000	
2.344350e-001	5.888741e+000	1.380527e+000	
2.454835e-001	5.888741e+000	1.445589e+000	
2.570528e-001	5.888740e+000	1.513717e+000	
2.691674e-001	5.888740e+000	1.585057e+000	
2.818528e-001	5.888740e+000	1.659758e+000	
2.951361e-001	5.888740e+000	1.737980e+000	
3.090454e-001	5.888740e+000	1.819888e+000	
3.236103e-001	5.888739e+000	1.905657e+000	
3.388616e-001	5.888739e+000	1.995467e+000	
3.548316e-001	5.888739e+000	2.089511e+000	
3.715543e-001	5.888739e+000	2.187986e+000	
3.890651e-001	5.888739e+000	2.291103e+000	
4.074011e-001	5.888738e+000	2.399079e+000	
4.266014e-001	5.888738e+000	2.512144e+000	
4.467064e-001	5.888738e+000	2.630537e+000	
4.677590e-001	5.888737e+000	2.754510e+000	
4.898038e-001	5.888737e+000	2.884326e+000	
5.128875e-001	5.888737e+000	3.020260e+000	
5.370591e-001	5.888736e+000	3.162600e+000	
5.623699e-001	5.888736e+000	3.311648e+000	
5.888736e-001	5.888736e+000	3.467721e+000	
6.166263e-001	5.888735e+000	3.631149e+000	
6.456870e-001	5.888735e+000	3.802279e+000	
6.761172e-001	5.888735e+000	3.981475e+000	
7.079816e-001	5.888734e+000	4.169115e+000	
7.413477e-001	5.888734e+000	4.365599e+000	
7.762862e-001	5.888733e+000	4.571343e+000	
8.128714e-001	5.888733e+000	4.786783e+000	
8.511808e-001	5.888732e+000	5.012376e+000	
8.912956e-001	5.888732e+000	5.248601e+000	
9.333010e-001	5.888731e+000	5.495959e+000	
9.772860e-001	5.888731e+000	5.754974e+000	
1.023344e+000	5.888730e+000	6.026197e+000	
1.071573e+000	5.888730e+000	6.310202e+000	
1.122074e+000	5.888729e+000	6.607590e+000	
1.174956e+000	5.888728e+000	6.918995e+000	
1.230330e+000	5.888727e+000	7.245075e+000	
1.288313e+000	5.888727e+000	7.586523e+000	
1.349029e+000	5.888726e+000	7.944063e+000	
1.412607e+000	5.888725e+000	8.318452e+000	
1.479181e+000	5.888724e+000	8.710487e+000	
1.548892e+000	5.888723e+000	9.120997e+000	
1.621889e+000	5.888722e+000	9.550853e+000	
1.698326e+000	5.888721e+000	1.000097e+001	
1.778365e+000	5.888720e+000	1.047229e+001	
1.862177e+000	5.888719e+000	1.096583e+001	
1.949938e+000	5.888718e+000	1.148263e+001	
2.041835e+000	5.888717e+000	1.202379e+001	
2.138063e+000	5.888715e+000	1.259045e+001	
2.238827e+000	5.888714e+000	1.318381e+001	
2.344339e+000	5.888713e+000	1.380514e+001	
2.454823e+000	5.888711e+000	1.445575e+001	
2.570515e+000	5.888710e+000	1.513702e+001	
2.691659e+000	5.888708e+000	1.585039e+001	
2.818512e+000	5.888707e+000	1.659739e+001	
2.951344e+000	5.888705e+000	1.737959e+001	
3.090435e+000	5.888703e+000	1.819866e+001	
3.236082e+000	5.888701e+000	1.905632e+001	
3.388593e+000	5.888699e+000	1.995440e+001	
3.548291e+000	5.888697e+000	2.089481e+001	
3.715515e+000	5.888695e+000	2.187953e+001	
3.890620e+000	5.888692e+000	2.291067e+001	
4.073978e+000	5.888690e+000	2.399039e+001	
4.265977e+000	5.888688e+000	2.512101e+001	
4.467024e+000	5.888685e+000	2.630490e+001	
4.677547e+000	5.888682e+000	2.754458e+001	
4.897990e+000	5.888679e+000	2.884269e+001	
5.128822e+000	5.888676e+000	3.020197e+001	
5.370533e+000	5.888673e+000	3.162531e+001	
5.623636e+000	5.888669e+000	3.311573e+001	
5.888666e+000	5.888666e+000	3.467639e+001	
6.166187e+000	5.888662e+000	3.631059e+001	
6.456786e+000	5.888659e+000	3.802181e+001	
6.761080e+000	5.888655e+000	3.981367e+001	
7.079715e+000	5.888650e+000	4.168997e+001	
7.413366e+000	5.888646e+000	4.365469e+001	
7.762742e+000	5.888641e+000	4.571200e+001	
8.128582e+000	5.888637e+000	4.786627e+001	
8.511662e+000	5.888632e+000	5.012205e+001	
8.912797e+000	5.888627e+000	5.248413e+001	
9.332835e+000	5.888621e+000	5.495753e+001	
9.772669e+000	5.888615e+000	5.754749e+001	
1.023323e+001	5.888609e+000	6.025949e+001	
1.071550e+001	5.888603e+000	6.309929e+001	
1.122049e+001	5.888596e+000	6.607292e+001	
1.174928e+001	5.888589e+000	6.918669e+001	
1.230299e+001	5.888582e+000	7.244717e+001	
1.288280e+001	5.888574e+000	7.586131e+001	
1.348993e+001	5.888566e+000	7.943633e+001	
1.412567e+001	5.888558e+000	8.317981e+001	
1.479137e+001	5.888549e+000	8.709969e+001	
1.548844e+001	5.888540e+000	9.120429e+001	
1.621836e+001	5.888530e+000	9.550230e+001	
1.698268e+001	5.888520e+000	1.000028e+002	
1.778302e+001	5.888510e+000	1.047155e+002	
1.862107e+001	5.888499e+000	1.096501e+002	
1.949861e+001	5.888487e+000	1.148173e+002	
2.041751e+001	5.888475e+000	1.202280e+002	
2.137971e+001	5.888463e+000	1.258937e+002	
2.238726e+001	5.888449e+000	1.318262e+002	
2.344228e+001	5.888435e+000	1.380384e+002	
2.454702e+001	5.888421e+000	1.445432e+002	
2.570382e+001	5.888405e+000	1.513545e+002	
2.691513e+001	5.888390e+000	1.584868e+002	
2.818353e+001	5.888373e+000	1.659551e+002	
2.951168e+001	5.888355e+000	1.737753e+002	
3.090243e+001	5.888337e+000	1.819639e+002	
3.235871e+001	5.888318e+000	1.905384e+002	
3.388362e+001	5.888298e+000	1.995168e+002	
3.548037e+001	5.888277e+000	2.089183e+002	
3.715237e+001	5.888255e+000	2.187626e+002	
3.890316e+001	5.888231e+000	2.290708e+002	
4.073644e+001	5.888207e+000	2.398646e+002	
4.265611e+001	5.888182e+000	2.511669e+002	
4.466623e+001	5.888155e+000	2.630017e+002	
4.677106e+001	5.888127e+000	2.753939e+002	
4.897507e+001	5.888098e+000	2.883700e+002	
5.128292e+001	5.888068e+000	3.019573e+002	
5.369952e+001	5.888036e+000	3.161847e+002	
5.622998e+001	5.888002e+000	3.310823e+002	
5.887967e+001	5.887967e+000	3.466816e+002	
6.165420e+001	5.887930e+000	3.630156e+002	
6.455945e+001	5.887891e+000	3.801190e+002	
6.760158e+001	5.887851e+000	3.980280e+002	
7.078703e+001	5.887809e+000	4.167805e+002	
7.412256e+001	5.887764e+000	4.364162e+002	
7.761523e+001	5.887718e+000	4.569766e+002	
8.127245e+001	5.887669e+000	4.785053e+002	
8.510197e+001	5.887618e+000	5.010478e+002	
8.911189e+001	5.887564e+000	5.246519e+002	
9.331071e+001	5.887507e+000	5.493675e+002	
9.770732e+001	5.887448e+000	5.752468e+002	
1.023111e+002	5.887386e+000	6.023447e+002	
1.071316e+002	5.887321e+000	6.307183e+002	
1.121793e+002	5.887253e+000	6.604278e+002	
1.174647e+002	5.887181e+000	6.915360e+002	
1.229991e+002	5.887105e+000	7.241085e+002	
1.287941e+002	5.887026e+000	7.582142e+002	
1.348621e+002	5.886943e+000	7.939252e+002	
1.412158e+002	5.886855e+000	8.313171e+002	
1.478688e+002	5.886763e+000	8.704685e+002	
1.548351e+002	5.886665e+000	9.114622e+002	
1.621294e+002	5.886562e+000	9.543846e+002	
1.697672e+002	5.886453e+000	9.993265e+002	
1.777646e+002	5.886338e+000	1.046382e+003	
1.861385e+002	5.886216e+000	1.095651e+003	
1.949067e+002	5.886087e+000	1.147238e+003	
2.040875e+002	5.885949e+000	1.201249e+003	
2.137005e+002	5.885802e+000	1.257799e+003	
2.237659e+002	5.885644e+000	1.317007e+003	
2.343049e+002	5.885474e+000	1.378996e+003	
2.453397e+002	5.885290e+000	1.443896e+003	
2.568935e+002	5.885090e+000	1.511841e+003	
2.689905e+002	5.884871e+000	1.582974e+003	
2.816559e+002	5.884627e+000	1.657440e+003	
2.949164e+002	5.884355e+000	1.735392e+003	
3.087991e+002	5.884046e+000	1.816988e+003	
3.233329e+002	5.883692e+000	1.902391e+003	
3.385472e+002	5.883277e+000	1.991767e+003	
3.544727e+002	5.882783e+000	2.085286e+003	
3.711407e+002	5.882184e+000	2.183118e+003	
3.885828e+002	5.881438e+000	2.285425e+003	
4.068305e+002	5.880490e+000	2.392363e+003	
4.259144e+002	5.879255e+000	2.504059e+003	
4.458620e+002	5.877606e+000	2.620601e+003	
4.666955e+002	5.875349e+000	2.741999e+003	
4.884266e+002	5.872180e+000	2.868129e+003	
5.110485e+002	5.867621e+000	2.998639e+003	
5.345206e+002	5.860902e+000	3.132773e+003	
5.587438e+002	5.850767e+000	3.269080e+003	
5.835164e+002	5.835164e+000	3.404913e+003	
6.084686e+002	5.810830e+000	3.535707e+003	
6.329911e+002	5.772948e+000	3.654225e+003	
6.562303e+002	5.715527e+000	3.750702e+003	
6.772730e+002	5.633311e+000	3.815290e+003	
6.955007e+002	5.524559e+000	3.842335e+003	
7.108109e+002	5.392052e+000	3.832730e+003	
7.235091e+002	5.241360e+000	3.792172e+003	
7.340587e+002	5.078445e+000	3.727876e+003	
7.429070e+002	4.908338e+000	3.646438e+003	
7.504218e+002	4.734842e+000	3.553129e+003	
7.568866e+002	4.560693e+000	3.451927e+003	
7.625149e+002	4.387815e+000	3.345775e+003	
7.674680e+002	4.217550e+000	3.236835e+003	
7.718688e+002	4.050825e+000	3.126706e+003	
7.758139e+002	3.888280e+000	3.016582e+003	
7.793907e+002	3.730398e+000	2.907438e+003	
7.869664e+002	3.597131e+000	2.830821e+003	
7.966020e+002	3.477294e+000	2.770019e+003	
8.059569e+002	3.359787e+000	2.707844e+003	
8.172267e+002	3.253438e+000	2.658797e+003	
8.304883e+002	3.157429e+000	2.622208e+003	
8.435233e+002	3.062648e+000	2.583415e+003	
8.563243e+002	2.969192e+000	2.542591e+003	
8.663009e+002	2.868592e+000	2.485064e+003	
8.743035e+002	2.764791e+000	2.417266e+003	
8.820276e+002	2.663681e+000	2.349440e+003	
8.894916e+002	2.565322e+000	2.281832e+003	
8.921217e+002	2.457107e+000	2.192039e+003	
8.938250e+002	2.350999e+000	2.101382e+003	
8.954055e+002	2.249157e+000	2.013908e+003	
8.968823e+002	2.151471e+000	1.929616e+003	
8.982660e+002	2.057808e+000	1.848459e+003	
8.995649e+002	1.968034e+000	1.770374e+003	
9.007862e+002	1.882009e+000	1.695288e+003	
9.019357e+002	1.799598e+000	1.623122e+003	
9.030189e+002	1.720667e+000	1.553795e+003	
9.040405e+002	1.645083e+000	1.487222e+003	
9.050049e+002	1.572718e+000	1.423318e+003	
9.059160e+002	1.503446e+000	1.361996e+003	
9.067772e+002	1.437145e+000	1.303170e+003	
9.075919e+002	1.373696e+000	1.246755e+003	
9.083630e+002	1.312984e+000	1.192666e+003	
9.090933e+002	1.254898e+000	1.140819e+003	
9.097852e+002	1.199330e+000	1.091133e+003	
9.104411e+002	1.146177e+000	1.043527e+003	
9.110632e+002	1.095339e+000	9.979229e+002	
9.116533e+002	1.046718e+000	9.542439e+002	
9.122134e+002	1.000222e+000	9.124160e+002	
9.127452e+002	9.557616e-001	8.723667e+002	
9.132502e+002	9.132502e-001	8.340260e+002	
9.137300e+002	8.726054e-001	7.973258e+002	
9.141860e+002	8.337475e-001	7.622003e+002	
9.146194e+002	7.966002e-001	7.285860e+002	
9.150314e+002	7.610900e-001	6.964213e+002	
9.154233e+002	7.271466e-001	6.656470e+002	
9.157961e+002	6.947024e-001	6.362057e+002	
9.161508e+002	6.636925e-001	6.080424e+002	
9.164883e+002	6.340550e-001	5.811039e+002	
9.168094e+002	6.057300e-001	5.553390e+002	
9.171152e+002	5.786606e-001	5.306985e+002	
9.174064e+002	5.527920e-001	5.071349e+002	
9.176836e+002	5.280718e-001	4.846028e+002	
9.179476e+002	5.044497e-001	4.630584e+002	
9.181992e+002	4.818777e-001	4.424597e+002	
9.184387e+002	4.603097e-001	4.227663e+002	
9.186670e+002	4.397016e-001	4.039394e+002	
9.188845e+002	4.200113e-001	3.859418e+002	
9.190917e+002	4.011981e-001	3.687378e+002	
9.192893e+002	3.832236e-001	3.522933e+002	
9.194776e+002	3.660506e-001	3.365754e+002	
9.196571e+002	3.496439e-001	3.215525e+002	
9.198282e+002	3.339694e-001	3.071945e+002	
9.199913e+002	3.189949e-001	2.934726e+002	
9.201469e+002	3.046893e-001	2.803589e+002	
9.202952e+002	2.910229e-001	2.678270e+002	
9.204367e+002	2.779675e-001	2.558514e+002	
9.205716e+002	2.654957e-001	2.444078e+002	
9.207003e+002	2.535819e-001	2.334729e+002	
9.208230e+002	2.422011e-001	2.230244e+002	
9.209401e+002	2.313297e-001	2.130408e+002	
9.210518e+002	2.209449e-001	2.035017e+002	
9.211583e+002	2.110252e-001	1.943876e+002	
9.212599e+002	2.015497e-001	1.856797e+002	
9.213569e+002	1.924987e-001	1.773600e+002	
9.214494e+002	1.838533e-001	1.694115e+002	
9.215377e+002	1.755954e-001	1.618178e+002	
9.216219e+002	1.677076e-001	1.545630e+002	
9.217023e+002	1.601735e-001	1.476323e+002	
9.217790e+002	1.529772e-001	1.410112e+002	
9.218522e+002	1.461037e-001	1.346860e+002	
9.219221e+002	1.395386e-001	1.286437e+002	
9.219888e+002	1.332679e-001	1.228715e+002	
9.220524e+002	1.272787e-001	1.173576e+002	
9.221131e+002	1.215582e-001	1.120904e+002	
9.221711e+002	1.160945e-001	1.070589e+002	
9.222264e+002	1.108760e-001	1.022528e+002	
9.222792e+002	1.058918e-001	9.766182e+001	
9.223296e+002	1.011314e-001	9.327651e+001	
9.223777e+002	9.658480e-002	8.908767e+001	
9.224236e+002	9.224236e-002	8.508653e+001	
9.224675e+002	8.809496e-002	8.126473e+001	
9.225093e+002	8.413385e-002	7.761426e+001	
9.225493e+002	8.035068e-002	7.412746e+001	
9.225874e+002	7.673748e-002	7.079703e+001	
9.226238e+002	7.328662e-002	6.761598e+001	
9.226586e+002	6.999081e-002	6.457762e+001	
9.226918e+002	6.684311e-002	6.167559e+001	
9.227234e+002	6.383687e-002	5.890377e+001	
9.227537e+002	6.096573e-002	5.625635e+001	
9.227825e+002	5.822364e-002	5.372776e+001	
9.228101e+002	5.560481e-002	5.131268e+001	
9.228364e+002	5.310369e-002	4.900602e+001	
9.228616e+002	5.071501e-002	4.680294e+001	
9.228856e+002	4.843372e-002	4.469879e+001	
9.229085e+002	4.625500e-002	4.268913e+001	
9.229304e+002	4.417422e-002	4.076973e+001	
9.229512e+002	4.218701e-002	3.893656e+001	
9.229712e+002	4.028915e-002	3.718573e+001	
9.229902e+002	3.847663e-002	3.551356e+001	
9.230084e+002	3.674563e-002	3.391652e+001	
9.230258e+002	3.509246e-002	3.239125e+001	
9.230423e+002	3.351364e-002	3.093451e+001	
9.230582e+002	3.200583e-002	2.954324e+001	
9.230732e+002	3.056583e-002	2.821450e+001	
9.230877e+002	2.919060e-002	2.694548e+001	
9.231014e+002	2.787722e-002	2.573350e+001	
9.231146e+002	2.662292e-002	2.457600e+001	
9.231272e+002	2.542503e-002	2.347054e+001	
9.231392e+002	2.428103e-002	2.241477e+001	
9.231506e+002	2.318850e-002	2.140647e+001	
9.231616e+002	2.214510e-002	2.044351e+001	
9.231720e+002	2.114865e-002	1.952384e+001	
9.231820e+002	2.019702e-002	1.864553e+001	
9.231915e+002	1.928820e-002	1.780671e+001	
9.232006e+002	1.842027e-002	1.700561e+001	
9.232093e+002	1.759139e-002	1.624054e+001	
9.232176e+002	1.679980e-002	1.550987e+001	
9.232255e+002	1.604382e-002	1.481207e+001	
9.232331e+002	1.532186e-002	1.414564e+001	
9.232403e+002	1.463237e-002	1.350920e+001	
9.232472e+002	1.397391e-002	1.290137e+001	
9.232538e+002	1.334508e-002	1.232089e+001	
9.232601e+002	1.274454e-002	1.176652e+001	
9.232661e+002	1.217102e-002	1.123709e+001	
9.232718e+002	1.162330e-002	1.073147e+001	
9.232773e+002	1.110023e-002	1.024859e+001	
9.232825e+002	1.060070e-002	9.787443e+000	
9.232875e+002	1.012365e-002	9.347035e+000	
9.232922e+002	9.668057e-003	8.926442e+000	
9.232968e+002	9.232968e-003	8.524770e+000	
