V(out)	I(R1)	power

%Step Information: Ifailure1=58.89m Ifailure2=4.41  (Run: 7/24)
5.888743e-020	5.888744e+000	3.467730e-019	
6.166272e-020	5.888744e+000	3.631159e-019	
6.456879e-020	5.888744e+000	3.802291e-019	
6.761182e-020	5.888744e+000	3.981487e-019	
7.079827e-020	5.888744e+000	4.169129e-019	
7.413489e-020	5.888744e+000	4.365614e-019	
7.762876e-020	5.888744e+000	4.571359e-019	
8.128729e-020	5.888744e+000	4.786800e-019	
8.511824e-020	5.888744e+000	5.012395e-019	
8.912974e-020	5.888744e+000	5.248622e-019	
9.333030e-020	5.888744e+000	5.495982e-019	
9.772882e-020	5.888744e+000	5.755000e-019	
1.023346e-019	5.888744e+000	6.026225e-019	
1.071575e-019	5.888744e+000	6.310232e-019	
1.122077e-019	5.888744e+000	6.607624e-019	
1.174959e-019	5.888744e+000	6.919032e-019	
1.230333e-019	5.888744e+000	7.245116e-019	
1.288317e-019	5.888744e+000	7.586567e-019	
1.349033e-019	5.888744e+000	7.944111e-019	
1.412611e-019	5.888744e+000	8.318506e-019	
1.479186e-019	5.888744e+000	8.710545e-019	
1.548897e-019	5.888744e+000	9.121060e-019	
1.621895e-019	5.888744e+000	9.550922e-019	
1.698332e-019	5.888744e+000	1.000104e-018	
1.778372e-019	5.888744e+000	1.047238e-018	
1.862184e-019	5.888744e+000	1.096593e-018	
1.949946e-019	5.888744e+000	1.148273e-018	
2.041844e-019	5.888744e+000	1.202390e-018	
2.138074e-019	5.888744e+000	1.259057e-018	
2.238838e-019	5.888744e+000	1.318394e-018	
2.344351e-019	5.888744e+000	1.380528e-018	
2.454837e-019	5.888744e+000	1.445591e-018	
2.570530e-019	5.888744e+000	1.513719e-018	
2.691675e-019	5.888744e+000	1.585059e-018	
2.818530e-019	5.888744e+000	1.659760e-018	
2.951363e-019	5.888744e+000	1.737982e-018	
3.090457e-019	5.888744e+000	1.819891e-018	
3.236105e-019	5.888744e+000	1.905660e-018	
3.388618e-019	5.888744e+000	1.995471e-018	
3.548319e-019	5.888744e+000	2.089514e-018	
3.715546e-019	5.888744e+000	2.187990e-018	
3.890654e-019	5.888744e+000	2.291107e-018	
4.074015e-019	5.888744e+000	2.399083e-018	
4.266018e-019	5.888744e+000	2.512148e-018	
4.467069e-019	5.888744e+000	2.630542e-018	
4.677595e-019	5.888744e+000	2.754516e-018	
4.898043e-019	5.888744e+000	2.884332e-018	
5.128881e-019	5.888744e+000	3.020267e-018	
5.370598e-019	5.888744e+000	3.162608e-018	
5.623706e-019	5.888744e+000	3.311657e-018	
5.888744e-019	5.888744e+000	3.467730e-018	
6.166272e-019	5.888744e+000	3.631159e-018	
6.456879e-019	5.888744e+000	3.802291e-018	
6.761183e-019	5.888744e+000	3.981487e-018	
7.079827e-019	5.888744e+000	4.169129e-018	
7.413489e-019	5.888744e+000	4.365614e-018	
7.762876e-019	5.888744e+000	4.571359e-018	
8.128729e-019	5.888744e+000	4.786800e-018	
8.511824e-019	5.888744e+000	5.012395e-018	
8.912974e-019	5.888744e+000	5.248622e-018	
9.333029e-019	5.888744e+000	5.495982e-018	
9.772881e-019	5.888744e+000	5.755000e-018	
1.023346e-018	5.888744e+000	6.026225e-018	
1.071575e-018	5.888744e+000	6.310232e-018	
1.122077e-018	5.888744e+000	6.607624e-018	
1.174959e-018	5.888744e+000	6.919032e-018	
1.230333e-018	5.888744e+000	7.245116e-018	
1.288317e-018	5.888744e+000	7.586567e-018	
1.349033e-018	5.888744e+000	7.944111e-018	
1.412611e-018	5.888744e+000	8.318505e-018	
1.479186e-018	5.888744e+000	8.710545e-018	
1.548897e-018	5.888744e+000	9.121060e-018	
1.621895e-018	5.888744e+000	9.550922e-018	
1.698332e-018	5.888744e+000	1.000104e-017	
1.778372e-018	5.888744e+000	1.047238e-017	
1.862184e-018	5.888744e+000	1.096593e-017	
1.949946e-018	5.888744e+000	1.148273e-017	
2.041844e-018	5.888744e+000	1.202390e-017	
2.138073e-018	5.888744e+000	1.259057e-017	
2.238838e-018	5.888744e+000	1.318394e-017	
2.344351e-018	5.888744e+000	1.380528e-017	
2.454837e-018	5.888744e+000	1.445591e-017	
2.570530e-018	5.888744e+000	1.513719e-017	
2.691675e-018	5.888744e+000	1.585059e-017	
2.818530e-018	5.888744e+000	1.659760e-017	
2.951363e-018	5.888744e+000	1.737982e-017	
3.090457e-018	5.888744e+000	1.819891e-017	
3.236105e-018	5.888744e+000	1.905660e-017	
3.388618e-018	5.888744e+000	1.995471e-017	
3.548319e-018	5.888744e+000	2.089514e-017	
3.715546e-018	5.888744e+000	2.187990e-017	
3.890654e-018	5.888744e+000	2.291107e-017	
4.074015e-018	5.888744e+000	2.399083e-017	
4.266018e-018	5.888744e+000	2.512149e-017	
4.467069e-018	5.888744e+000	2.630542e-017	
4.677596e-018	5.888744e+000	2.754516e-017	
4.898044e-018	5.888744e+000	2.884332e-017	
5.128881e-018	5.888744e+000	3.020267e-017	
5.370598e-018	5.888744e+000	3.162608e-017	
5.623707e-018	5.888744e+000	3.311657e-017	
5.888743e-018	5.888744e+000	3.467730e-017	
6.166272e-018	5.888744e+000	3.631159e-017	
6.456879e-018	5.888744e+000	3.802291e-017	
6.761182e-018	5.888744e+000	3.981487e-017	
7.079827e-018	5.888744e+000	4.169129e-017	
7.413489e-018	5.888744e+000	4.365614e-017	
7.762876e-018	5.888744e+000	4.571359e-017	
8.128729e-018	5.888744e+000	4.786800e-017	
8.511824e-018	5.888744e+000	5.012395e-017	
8.912974e-018	5.888744e+000	5.248622e-017	
9.333030e-018	5.888744e+000	5.495982e-017	
9.772882e-018	5.888744e+000	5.755000e-017	
1.023346e-017	5.888744e+000	6.026224e-017	
1.071575e-017	5.888744e+000	6.310232e-017	
1.122077e-017	5.888744e+000	6.607624e-017	
1.174959e-017	5.888744e+000	6.919032e-017	
1.230333e-017	5.888744e+000	7.245115e-017	
1.288317e-017	5.888744e+000	7.586567e-017	
1.349033e-017	5.888744e+000	7.944111e-017	
1.412611e-017	5.888744e+000	8.318506e-017	
1.479186e-017	5.888744e+000	8.710545e-017	
1.548897e-017	5.888744e+000	9.121060e-017	
1.621895e-017	5.888744e+000	9.550923e-017	
1.698332e-017	5.888744e+000	1.000104e-016	
1.778372e-017	5.888744e+000	1.047238e-016	
1.862184e-017	5.888744e+000	1.096593e-016	
1.949946e-017	5.888744e+000	1.148273e-016	
2.041844e-017	5.888744e+000	1.202390e-016	
2.138074e-017	5.888744e+000	1.259057e-016	
2.238838e-017	5.888744e+000	1.318394e-016	
2.344351e-017	5.888744e+000	1.380528e-016	
2.454837e-017	5.888744e+000	1.445591e-016	
2.570530e-017	5.888744e+000	1.513719e-016	
2.691675e-017	5.888744e+000	1.585059e-016	
2.818530e-017	5.888744e+000	1.659760e-016	
2.951363e-017	5.888744e+000	1.737982e-016	
3.090457e-017	5.888744e+000	1.819891e-016	
3.236105e-017	5.888744e+000	1.905660e-016	
3.388618e-017	5.888744e+000	1.995470e-016	
3.548319e-017	5.888744e+000	2.089514e-016	
3.715546e-017	5.888744e+000	2.187990e-016	
3.890654e-017	5.888744e+000	2.291107e-016	
4.074015e-017	5.888744e+000	2.399083e-016	
4.266018e-017	5.888744e+000	2.512148e-016	
4.467069e-017	5.888744e+000	2.630542e-016	
4.677595e-017	5.888744e+000	2.754516e-016	
4.898044e-017	5.888744e+000	2.884333e-016	
5.128881e-017	5.888744e+000	3.020267e-016	
5.370598e-017	5.888744e+000	3.162608e-016	
5.623707e-017	5.888744e+000	3.311657e-016	
5.888744e-017	5.888744e+000	3.467730e-016	
6.166271e-017	5.888744e+000	3.631159e-016	
6.456879e-017	5.888744e+000	3.802291e-016	
6.761182e-017	5.888744e+000	3.981487e-016	
7.079827e-017	5.888744e+000	4.169129e-016	
7.413489e-017	5.888744e+000	4.365614e-016	
7.762876e-017	5.888744e+000	4.571359e-016	
8.128729e-017	5.888744e+000	4.786800e-016	
8.511824e-017	5.888744e+000	5.012395e-016	
8.912974e-017	5.888744e+000	5.248622e-016	
9.333030e-017	5.888744e+000	5.495982e-016	
9.772882e-017	5.888744e+000	5.755000e-016	
1.023346e-016	5.888744e+000	6.026225e-016	
1.071575e-016	5.888744e+000	6.310232e-016	
1.122077e-016	5.888744e+000	6.607624e-016	
1.174959e-016	5.888744e+000	6.919032e-016	
1.230333e-016	5.888744e+000	7.245116e-016	
1.288317e-016	5.888744e+000	7.586567e-016	
1.349033e-016	5.888744e+000	7.944111e-016	
1.412611e-016	5.888744e+000	8.318506e-016	
1.479186e-016	5.888744e+000	8.710545e-016	
1.548897e-016	5.888744e+000	9.121060e-016	
1.621895e-016	5.888744e+000	9.550923e-016	
1.698332e-016	5.888744e+000	1.000104e-015	
1.778372e-016	5.888744e+000	1.047238e-015	
1.862184e-016	5.888744e+000	1.096593e-015	
1.949946e-016	5.888744e+000	1.148273e-015	
2.041844e-016	5.888744e+000	1.202390e-015	
2.138074e-016	5.888744e+000	1.259057e-015	
2.238838e-016	5.888744e+000	1.318394e-015	
2.344351e-016	5.888744e+000	1.380528e-015	
2.454837e-016	5.888744e+000	1.445591e-015	
2.570530e-016	5.888744e+000	1.513719e-015	
2.691675e-016	5.888744e+000	1.585059e-015	
2.818530e-016	5.888744e+000	1.659760e-015	
2.951363e-016	5.888744e+000	1.737982e-015	
3.090457e-016	5.888744e+000	1.819891e-015	
3.236105e-016	5.888744e+000	1.905660e-015	
3.388618e-016	5.888744e+000	1.995471e-015	
3.548319e-016	5.888744e+000	2.089514e-015	
3.715546e-016	5.888744e+000	2.187990e-015	
3.890654e-016	5.888744e+000	2.291107e-015	
4.074015e-016	5.888744e+000	2.399083e-015	
4.266018e-016	5.888744e+000	2.512149e-015	
4.467069e-016	5.888744e+000	2.630543e-015	
4.677595e-016	5.888744e+000	2.754516e-015	
4.898044e-016	5.888744e+000	2.884332e-015	
5.128881e-016	5.888744e+000	3.020267e-015	
5.370598e-016	5.888744e+000	3.162608e-015	
5.623706e-016	5.888744e+000	3.311657e-015	
5.888744e-016	5.888744e+000	3.467730e-015	
6.166272e-016	5.888744e+000	3.631159e-015	
6.456879e-016	5.888744e+000	3.802291e-015	
6.761182e-016	5.888744e+000	3.981487e-015	
7.079827e-016	5.888744e+000	4.169129e-015	
7.413489e-016	5.888744e+000	4.365614e-015	
7.762876e-016	5.888744e+000	4.571359e-015	
8.128729e-016	5.888744e+000	4.786800e-015	
8.511824e-016	5.888744e+000	5.012395e-015	
8.912974e-016	5.888744e+000	5.248622e-015	
9.333029e-016	5.888744e+000	5.495982e-015	
9.772882e-016	5.888744e+000	5.755000e-015	
1.023346e-015	5.888744e+000	6.026225e-015	
1.071575e-015	5.888744e+000	6.310232e-015	
1.122077e-015	5.888744e+000	6.607624e-015	
1.174959e-015	5.888744e+000	6.919031e-015	
1.230333e-015	5.888744e+000	7.245116e-015	
1.288317e-015	5.888744e+000	7.586568e-015	
1.349033e-015	5.888744e+000	7.944111e-015	
1.412611e-015	5.888744e+000	8.318506e-015	
1.479185e-015	5.888744e+000	8.710545e-015	
1.548897e-015	5.888744e+000	9.121060e-015	
1.621895e-015	5.888744e+000	9.550922e-015	
1.698332e-015	5.888744e+000	1.000104e-014	
1.778372e-015	5.888744e+000	1.047238e-014	
1.862184e-015	5.888744e+000	1.096593e-014	
1.949946e-015	5.888744e+000	1.148273e-014	
2.041844e-015	5.888744e+000	1.202390e-014	
2.138074e-015	5.888744e+000	1.259057e-014	
2.238838e-015	5.888744e+000	1.318394e-014	
2.344351e-015	5.888744e+000	1.380528e-014	
2.454837e-015	5.888744e+000	1.445591e-014	
2.570530e-015	5.888744e+000	1.513719e-014	
2.691675e-015	5.888744e+000	1.585059e-014	
2.818530e-015	5.888744e+000	1.659760e-014	
2.951363e-015	5.888744e+000	1.737982e-014	
3.090457e-015	5.888744e+000	1.819891e-014	
3.236105e-015	5.888744e+000	1.905660e-014	
3.388618e-015	5.888744e+000	1.995470e-014	
3.548319e-015	5.888744e+000	2.089514e-014	
3.715546e-015	5.888744e+000	2.187990e-014	
3.890654e-015	5.888744e+000	2.291107e-014	
4.074015e-015	5.888744e+000	2.399083e-014	
4.266017e-015	5.888744e+000	2.512148e-014	
4.467069e-015	5.888744e+000	2.630542e-014	
4.677595e-015	5.888744e+000	2.754516e-014	
4.898044e-015	5.888744e+000	2.884333e-014	
5.128881e-015	5.888744e+000	3.020267e-014	
5.370598e-015	5.888744e+000	3.162608e-014	
5.623707e-015	5.888744e+000	3.311657e-014	
5.888744e-015	5.888744e+000	3.467730e-014	
6.166272e-015	5.888744e+000	3.631159e-014	
6.456879e-015	5.888744e+000	3.802291e-014	
6.761182e-015	5.888744e+000	3.981487e-014	
7.079827e-015	5.888744e+000	4.169129e-014	
7.413489e-015	5.888744e+000	4.365614e-014	
7.762876e-015	5.888744e+000	4.571359e-014	
8.128729e-015	5.888744e+000	4.786800e-014	
8.511824e-015	5.888744e+000	5.012395e-014	
8.912974e-015	5.888744e+000	5.248622e-014	
9.333030e-015	5.888744e+000	5.495982e-014	
9.772881e-015	5.888744e+000	5.755000e-014	
1.023346e-014	5.888744e+000	6.026224e-014	
1.071575e-014	5.888744e+000	6.310232e-014	
1.122077e-014	5.888744e+000	6.607624e-014	
1.174959e-014	5.888744e+000	6.919031e-014	
1.230333e-014	5.888744e+000	7.245116e-014	
1.288317e-014	5.888744e+000	7.586567e-014	
1.349033e-014	5.888744e+000	7.944111e-014	
1.412611e-014	5.888744e+000	8.318506e-014	
1.479185e-014	5.888744e+000	8.710545e-014	
1.548897e-014	5.888744e+000	9.121060e-014	
1.621895e-014	5.888744e+000	9.550922e-014	
1.698332e-014	5.888744e+000	1.000104e-013	
1.778372e-014	5.888744e+000	1.047238e-013	
1.862184e-014	5.888744e+000	1.096593e-013	
1.949946e-014	5.888744e+000	1.148273e-013	
2.041844e-014	5.888744e+000	1.202390e-013	
2.138074e-014	5.888744e+000	1.259057e-013	
2.238838e-014	5.888744e+000	1.318394e-013	
2.344351e-014	5.888744e+000	1.380528e-013	
2.454837e-014	5.888744e+000	1.445591e-013	
2.570530e-014	5.888744e+000	1.513719e-013	
2.691675e-014	5.888744e+000	1.585059e-013	
2.818530e-014	5.888744e+000	1.659760e-013	
2.951363e-014	5.888744e+000	1.737982e-013	
3.090457e-014	5.888744e+000	1.819891e-013	
3.236105e-014	5.888744e+000	1.905660e-013	
3.388618e-014	5.888744e+000	1.995471e-013	
3.548319e-014	5.888744e+000	2.089514e-013	
3.715546e-014	5.888744e+000	2.187990e-013	
3.890654e-014	5.888744e+000	2.291107e-013	
4.074015e-014	5.888744e+000	2.399083e-013	
4.266018e-014	5.888744e+000	2.512149e-013	
4.467069e-014	5.888744e+000	2.630542e-013	
4.677595e-014	5.888744e+000	2.754516e-013	
4.898044e-014	5.888744e+000	2.884332e-013	
5.128881e-014	5.888744e+000	3.020267e-013	
5.370598e-014	5.888744e+000	3.162608e-013	
5.623707e-014	5.888744e+000	3.311657e-013	
5.888744e-014	5.888744e+000	3.467730e-013	
6.166272e-014	5.888744e+000	3.631160e-013	
6.456879e-014	5.888744e+000	3.802291e-013	
6.761182e-014	5.888744e+000	3.981487e-013	
7.079827e-014	5.888744e+000	4.169129e-013	
7.413489e-014	5.888744e+000	4.365614e-013	
7.762876e-014	5.888744e+000	4.571359e-013	
8.128729e-014	5.888744e+000	4.786800e-013	
8.511825e-014	5.888744e+000	5.012395e-013	
8.912974e-014	5.888744e+000	5.248622e-013	
9.333030e-014	5.888744e+000	5.495982e-013	
9.772882e-014	5.888744e+000	5.755000e-013	
1.023346e-013	5.888744e+000	6.026225e-013	
1.071575e-013	5.888744e+000	6.310232e-013	
1.122077e-013	5.888744e+000	6.607624e-013	
1.174959e-013	5.888744e+000	6.919032e-013	
1.230333e-013	5.888744e+000	7.245116e-013	
1.288317e-013	5.888744e+000	7.586568e-013	
1.349033e-013	5.888744e+000	7.944111e-013	
1.412611e-013	5.888744e+000	8.318506e-013	
1.479186e-013	5.888744e+000	8.710545e-013	
1.548897e-013	5.888744e+000	9.121060e-013	
1.621895e-013	5.888744e+000	9.550922e-013	
1.698332e-013	5.888744e+000	1.000104e-012	
1.778372e-013	5.888744e+000	1.047238e-012	
1.862184e-013	5.888744e+000	1.096593e-012	
1.949946e-013	5.888744e+000	1.148273e-012	
2.041844e-013	5.888744e+000	1.202390e-012	
2.138074e-013	5.888744e+000	1.259057e-012	
2.238838e-013	5.888744e+000	1.318394e-012	
2.344351e-013	5.888744e+000	1.380528e-012	
2.454837e-013	5.888744e+000	1.445591e-012	
2.570530e-013	5.888744e+000	1.513719e-012	
2.691675e-013	5.888744e+000	1.585059e-012	
2.818530e-013	5.888744e+000	1.659760e-012	
2.951363e-013	5.888744e+000	1.737982e-012	
3.090456e-013	5.888744e+000	1.819891e-012	
3.236105e-013	5.888744e+000	1.905659e-012	
3.388618e-013	5.888744e+000	1.995471e-012	
3.548319e-013	5.888744e+000	2.089514e-012	
3.715546e-013	5.888744e+000	2.187990e-012	
3.890654e-013	5.888744e+000	2.291107e-012	
4.074015e-013	5.888744e+000	2.399083e-012	
4.266018e-013	5.888744e+000	2.512149e-012	
4.467069e-013	5.888744e+000	2.630542e-012	
4.677595e-013	5.888744e+000	2.754516e-012	
4.898044e-013	5.888744e+000	2.884333e-012	
5.128881e-013	5.888744e+000	3.020267e-012	
5.370598e-013	5.888744e+000	3.162608e-012	
5.623707e-013	5.888744e+000	3.311657e-012	
5.888744e-013	5.888744e+000	3.467730e-012	
6.166271e-013	5.888744e+000	3.631159e-012	
6.456879e-013	5.888744e+000	3.802291e-012	
6.761182e-013	5.888744e+000	3.981487e-012	
7.079827e-013	5.888744e+000	4.169129e-012	
7.413489e-013	5.888744e+000	4.365614e-012	
7.762876e-013	5.888744e+000	4.571359e-012	
8.128729e-013	5.888744e+000	4.786800e-012	
8.511824e-013	5.888744e+000	5.012395e-012	
8.912974e-013	5.888744e+000	5.248622e-012	
9.333030e-013	5.888744e+000	5.495982e-012	
9.772882e-013	5.888744e+000	5.755000e-012	
1.023346e-012	5.888744e+000	6.026224e-012	
1.071575e-012	5.888744e+000	6.310232e-012	
1.122077e-012	5.888744e+000	6.607624e-012	
1.174959e-012	5.888744e+000	6.919031e-012	
1.230333e-012	5.888744e+000	7.245115e-012	
1.288317e-012	5.888744e+000	7.586568e-012	
1.349033e-012	5.888744e+000	7.944111e-012	
1.412611e-012	5.888744e+000	8.318506e-012	
1.479185e-012	5.888744e+000	8.710544e-012	
1.548897e-012	5.888744e+000	9.121060e-012	
1.621895e-012	5.888744e+000	9.550922e-012	
1.698332e-012	5.888744e+000	1.000104e-011	
1.778372e-012	5.888744e+000	1.047238e-011	
1.862184e-012	5.888744e+000	1.096593e-011	
1.949946e-012	5.888744e+000	1.148273e-011	
2.041844e-012	5.888744e+000	1.202390e-011	
2.138074e-012	5.888744e+000	1.259057e-011	
2.238838e-012	5.888744e+000	1.318394e-011	
2.344351e-012	5.888744e+000	1.380528e-011	
2.454837e-012	5.888744e+000	1.445591e-011	
2.570530e-012	5.888744e+000	1.513719e-011	
2.691675e-012	5.888744e+000	1.585059e-011	
2.818530e-012	5.888744e+000	1.659760e-011	
2.951363e-012	5.888744e+000	1.737982e-011	
3.090456e-012	5.888744e+000	1.819891e-011	
3.236105e-012	5.888744e+000	1.905660e-011	
3.388618e-012	5.888744e+000	1.995471e-011	
3.548319e-012	5.888744e+000	2.089514e-011	
3.715546e-012	5.888744e+000	2.187990e-011	
3.890654e-012	5.888744e+000	2.291107e-011	
4.074015e-012	5.888744e+000	2.399083e-011	
4.266018e-012	5.888744e+000	2.512149e-011	
4.467069e-012	5.888744e+000	2.630543e-011	
4.677596e-012	5.888744e+000	2.754516e-011	
4.898044e-012	5.888744e+000	2.884333e-011	
5.128881e-012	5.888744e+000	3.020267e-011	
5.370598e-012	5.888744e+000	3.162608e-011	
5.623706e-012	5.888744e+000	3.311657e-011	
5.888743e-012	5.888744e+000	3.467730e-011	
6.166271e-012	5.888744e+000	3.631159e-011	
6.456879e-012	5.888744e+000	3.802291e-011	
6.761182e-012	5.888744e+000	3.981487e-011	
7.079827e-012	5.888744e+000	4.169129e-011	
7.413489e-012	5.888744e+000	4.365614e-011	
7.762876e-012	5.888744e+000	4.571359e-011	
8.128729e-012	5.888744e+000	4.786801e-011	
8.511824e-012	5.888744e+000	5.012395e-011	
8.912975e-012	5.888744e+000	5.248622e-011	
9.333030e-012	5.888744e+000	5.495982e-011	
9.772882e-012	5.888744e+000	5.755000e-011	
1.023346e-011	5.888744e+000	6.026224e-011	
1.071575e-011	5.888744e+000	6.310232e-011	
1.122077e-011	5.888744e+000	6.607624e-011	
1.174959e-011	5.888744e+000	6.919032e-011	
1.230333e-011	5.888744e+000	7.245116e-011	
1.288317e-011	5.888744e+000	7.586567e-011	
1.349033e-011	5.888744e+000	7.944111e-011	
1.412611e-011	5.888744e+000	8.318505e-011	
1.479186e-011	5.888744e+000	8.710545e-011	
1.548897e-011	5.888744e+000	9.121060e-011	
1.621895e-011	5.888744e+000	9.550922e-011	
1.698332e-011	5.888744e+000	1.000104e-010	
1.778372e-011	5.888744e+000	1.047238e-010	
1.862184e-011	5.888744e+000	1.096593e-010	
1.949946e-011	5.888744e+000	1.148273e-010	
2.041844e-011	5.888744e+000	1.202390e-010	
2.138074e-011	5.888744e+000	1.259057e-010	
2.238838e-011	5.888744e+000	1.318394e-010	
2.344351e-011	5.888744e+000	1.380528e-010	
2.454837e-011	5.888744e+000	1.445591e-010	
2.570530e-011	5.888744e+000	1.513719e-010	
2.691675e-011	5.888744e+000	1.585059e-010	
2.818530e-011	5.888744e+000	1.659760e-010	
2.951363e-011	5.888744e+000	1.737982e-010	
3.090457e-011	5.888744e+000	1.819891e-010	
3.236105e-011	5.888744e+000	1.905660e-010	
3.388618e-011	5.888744e+000	1.995470e-010	
3.548319e-011	5.888744e+000	2.089514e-010	
3.715546e-011	5.888744e+000	2.187990e-010	
3.890654e-011	5.888744e+000	2.291107e-010	
4.074015e-011	5.888744e+000	2.399083e-010	
4.266018e-011	5.888744e+000	2.512149e-010	
4.467069e-011	5.888744e+000	2.630542e-010	
4.677595e-011	5.888744e+000	2.754516e-010	
4.898044e-011	5.888744e+000	2.884333e-010	
5.128881e-011	5.888744e+000	3.020267e-010	
5.370598e-011	5.888744e+000	3.162608e-010	
5.623706e-011	5.888744e+000	3.311657e-010	
5.888744e-011	5.888744e+000	3.467730e-010	
6.166272e-011	5.888744e+000	3.631159e-010	
6.456879e-011	5.888744e+000	3.802291e-010	
6.761183e-011	5.888744e+000	3.981487e-010	
7.079827e-011	5.888744e+000	4.169129e-010	
7.413489e-011	5.888744e+000	4.365614e-010	
7.762876e-011	5.888744e+000	4.571359e-010	
8.128729e-011	5.888744e+000	4.786800e-010	
8.511825e-011	5.888744e+000	5.012395e-010	
8.912975e-011	5.888744e+000	5.248622e-010	
9.333029e-011	5.888744e+000	5.495982e-010	
9.772882e-011	5.888744e+000	5.755000e-010	
1.023346e-010	5.888744e+000	6.026224e-010	
1.071575e-010	5.888744e+000	6.310232e-010	
1.122077e-010	5.888744e+000	6.607624e-010	
1.174959e-010	5.888744e+000	6.919032e-010	
1.230333e-010	5.888744e+000	7.245115e-010	
1.288317e-010	5.888744e+000	7.586567e-010	
1.349033e-010	5.888744e+000	7.944111e-010	
1.412611e-010	5.888744e+000	8.318506e-010	
1.479186e-010	5.888744e+000	8.710545e-010	
1.548897e-010	5.888744e+000	9.121060e-010	
1.621895e-010	5.888744e+000	9.550922e-010	
1.698332e-010	5.888744e+000	1.000104e-009	
1.778372e-010	5.888744e+000	1.047238e-009	
1.862184e-010	5.888744e+000	1.096593e-009	
1.949946e-010	5.888744e+000	1.148273e-009	
2.041844e-010	5.888744e+000	1.202390e-009	
2.138074e-010	5.888744e+000	1.259057e-009	
2.238838e-010	5.888744e+000	1.318394e-009	
2.344351e-010	5.888744e+000	1.380528e-009	
2.454837e-010	5.888744e+000	1.445591e-009	
2.570530e-010	5.888744e+000	1.513719e-009	
2.691675e-010	5.888744e+000	1.585059e-009	
2.818530e-010	5.888744e+000	1.659760e-009	
2.951363e-010	5.888744e+000	1.737982e-009	
3.090457e-010	5.888744e+000	1.819891e-009	
3.236105e-010	5.888744e+000	1.905660e-009	
3.388618e-010	5.888744e+000	1.995471e-009	
3.548319e-010	5.888744e+000	2.089514e-009	
3.715546e-010	5.888744e+000	2.187990e-009	
3.890654e-010	5.888744e+000	2.291107e-009	
4.074015e-010	5.888744e+000	2.399083e-009	
4.266018e-010	5.888744e+000	2.512148e-009	
4.467069e-010	5.888744e+000	2.630542e-009	
4.677596e-010	5.888744e+000	2.754516e-009	
4.898044e-010	5.888744e+000	2.884332e-009	
5.128881e-010	5.888744e+000	3.020267e-009	
5.370598e-010	5.888744e+000	3.162608e-009	
5.623707e-010	5.888744e+000	3.311657e-009	
5.888743e-010	5.888744e+000	3.467730e-009	
6.166271e-010	5.888744e+000	3.631159e-009	
6.456879e-010	5.888744e+000	3.802291e-009	
6.761182e-010	5.888744e+000	3.981487e-009	
7.079827e-010	5.888744e+000	4.169129e-009	
7.413489e-010	5.888744e+000	4.365614e-009	
7.762876e-010	5.888744e+000	4.571359e-009	
8.128729e-010	5.888744e+000	4.786800e-009	
8.511824e-010	5.888744e+000	5.012395e-009	
8.912974e-010	5.888744e+000	5.248622e-009	
9.333030e-010	5.888744e+000	5.495982e-009	
9.772881e-010	5.888744e+000	5.755000e-009	
1.023346e-009	5.888744e+000	6.026225e-009	
1.071575e-009	5.888744e+000	6.310232e-009	
1.122077e-009	5.888744e+000	6.607624e-009	
1.174959e-009	5.888744e+000	6.919031e-009	
1.230333e-009	5.888744e+000	7.245116e-009	
1.288317e-009	5.888744e+000	7.586568e-009	
1.349033e-009	5.888744e+000	7.944111e-009	
1.412611e-009	5.888744e+000	8.318506e-009	
1.479186e-009	5.888744e+000	8.710545e-009	
1.548897e-009	5.888744e+000	9.121060e-009	
1.621895e-009	5.888744e+000	9.550923e-009	
1.698332e-009	5.888744e+000	1.000104e-008	
1.778372e-009	5.888744e+000	1.047238e-008	
1.862184e-009	5.888744e+000	1.096593e-008	
1.949946e-009	5.888744e+000	1.148273e-008	
2.041844e-009	5.888744e+000	1.202390e-008	
2.138073e-009	5.888744e+000	1.259057e-008	
2.238838e-009	5.888744e+000	1.318394e-008	
2.344351e-009	5.888744e+000	1.380528e-008	
2.454837e-009	5.888744e+000	1.445591e-008	
2.570530e-009	5.888744e+000	1.513719e-008	
2.691675e-009	5.888744e+000	1.585059e-008	
2.818530e-009	5.888744e+000	1.659760e-008	
2.951363e-009	5.888744e+000	1.737982e-008	
3.090457e-009	5.888744e+000	1.819891e-008	
3.236105e-009	5.888744e+000	1.905660e-008	
3.388618e-009	5.888744e+000	1.995471e-008	
3.548319e-009	5.888744e+000	2.089514e-008	
3.715546e-009	5.888744e+000	2.187990e-008	
3.890654e-009	5.888744e+000	2.291107e-008	
4.074015e-009	5.888744e+000	2.399083e-008	
4.266018e-009	5.888744e+000	2.512149e-008	
4.467069e-009	5.888744e+000	2.630542e-008	
4.677595e-009	5.888744e+000	2.754516e-008	
4.898044e-009	5.888744e+000	2.884333e-008	
5.128881e-009	5.888744e+000	3.020267e-008	
5.370598e-009	5.888744e+000	3.162608e-008	
5.623706e-009	5.888744e+000	3.311657e-008	
5.888744e-009	5.888744e+000	3.467730e-008	
6.166271e-009	5.888744e+000	3.631159e-008	
6.456879e-009	5.888744e+000	3.802291e-008	
6.761182e-009	5.888744e+000	3.981487e-008	
7.079827e-009	5.888744e+000	4.169129e-008	
7.413489e-009	5.888744e+000	4.365614e-008	
7.762876e-009	5.888744e+000	4.571359e-008	
8.128729e-009	5.888744e+000	4.786800e-008	
8.511824e-009	5.888744e+000	5.012395e-008	
8.912974e-009	5.888744e+000	5.248622e-008	
9.333029e-009	5.888744e+000	5.495982e-008	
9.772882e-009	5.888744e+000	5.755000e-008	
1.023346e-008	5.888744e+000	6.026225e-008	
1.071575e-008	5.888744e+000	6.310232e-008	
1.122077e-008	5.888744e+000	6.607624e-008	
1.174959e-008	5.888744e+000	6.919031e-008	
1.230333e-008	5.888744e+000	7.245115e-008	
1.288317e-008	5.888744e+000	7.586567e-008	
1.349033e-008	5.888744e+000	7.944111e-008	
1.412611e-008	5.888744e+000	8.318505e-008	
1.479185e-008	5.888744e+000	8.710544e-008	
1.548897e-008	5.888744e+000	9.121060e-008	
1.621895e-008	5.888744e+000	9.550922e-008	
1.698332e-008	5.888744e+000	1.000104e-007	
1.778372e-008	5.888744e+000	1.047238e-007	
1.862184e-008	5.888744e+000	1.096593e-007	
1.949946e-008	5.888744e+000	1.148273e-007	
2.041844e-008	5.888744e+000	1.202390e-007	
2.138074e-008	5.888744e+000	1.259057e-007	
2.238838e-008	5.888744e+000	1.318394e-007	
2.344351e-008	5.888744e+000	1.380528e-007	
2.454837e-008	5.888744e+000	1.445591e-007	
2.570530e-008	5.888744e+000	1.513719e-007	
2.691675e-008	5.888744e+000	1.585059e-007	
2.818530e-008	5.888744e+000	1.659760e-007	
2.951363e-008	5.888744e+000	1.737982e-007	
3.090457e-008	5.888744e+000	1.819891e-007	
3.236105e-008	5.888744e+000	1.905660e-007	
3.388618e-008	5.888744e+000	1.995471e-007	
3.548319e-008	5.888744e+000	2.089514e-007	
3.715546e-008	5.888744e+000	2.187990e-007	
3.890654e-008	5.888744e+000	2.291107e-007	
4.074015e-008	5.888744e+000	2.399083e-007	
4.266018e-008	5.888744e+000	2.512148e-007	
4.467069e-008	5.888744e+000	2.630542e-007	
4.677595e-008	5.888744e+000	2.754516e-007	
4.898044e-008	5.888744e+000	2.884332e-007	
5.128881e-008	5.888744e+000	3.020267e-007	
5.370598e-008	5.888744e+000	3.162608e-007	
5.623707e-008	5.888744e+000	3.311657e-007	
5.888744e-008	5.888744e+000	3.467730e-007	
6.166272e-008	5.888744e+000	3.631160e-007	
6.456879e-008	5.888744e+000	3.802291e-007	
6.761182e-008	5.888744e+000	3.981487e-007	
7.079827e-008	5.888744e+000	4.169129e-007	
7.413489e-008	5.888744e+000	4.365614e-007	
7.762876e-008	5.888744e+000	4.571359e-007	
8.128729e-008	5.888744e+000	4.786800e-007	
8.511824e-008	5.888744e+000	5.012395e-007	
8.912974e-008	5.888744e+000	5.248622e-007	
9.333030e-008	5.888744e+000	5.495982e-007	
9.772882e-008	5.888744e+000	5.755000e-007	
1.023346e-007	5.888744e+000	6.026225e-007	
1.071575e-007	5.888744e+000	6.310232e-007	
1.122077e-007	5.888744e+000	6.607624e-007	
1.174959e-007	5.888744e+000	6.919031e-007	
1.230333e-007	5.888744e+000	7.245115e-007	
1.288317e-007	5.888744e+000	7.586567e-007	
1.349033e-007	5.888744e+000	7.944111e-007	
1.412611e-007	5.888744e+000	8.318506e-007	
1.479186e-007	5.888744e+000	8.710545e-007	
1.548897e-007	5.888744e+000	9.121060e-007	
1.621895e-007	5.888744e+000	9.550922e-007	
1.698332e-007	5.888744e+000	1.000104e-006	
1.778372e-007	5.888744e+000	1.047238e-006	
1.862184e-007	5.888744e+000	1.096593e-006	
1.949946e-007	5.888744e+000	1.148273e-006	
2.041844e-007	5.888744e+000	1.202390e-006	
2.138074e-007	5.888744e+000	1.259057e-006	
2.238838e-007	5.888744e+000	1.318394e-006	
2.344351e-007	5.888744e+000	1.380528e-006	
2.454837e-007	5.888744e+000	1.445591e-006	
2.570530e-007	5.888744e+000	1.513719e-006	
2.691675e-007	5.888744e+000	1.585059e-006	
2.818530e-007	5.888744e+000	1.659760e-006	
2.951363e-007	5.888744e+000	1.737982e-006	
3.090456e-007	5.888744e+000	1.819891e-006	
3.236105e-007	5.888744e+000	1.905659e-006	
3.388618e-007	5.888744e+000	1.995471e-006	
3.548319e-007	5.888744e+000	2.089514e-006	
3.715546e-007	5.888744e+000	2.187990e-006	
3.890654e-007	5.888744e+000	2.291107e-006	
4.074015e-007	5.888744e+000	2.399083e-006	
4.266018e-007	5.888744e+000	2.512148e-006	
4.467069e-007	5.888744e+000	2.630542e-006	
4.677595e-007	5.888744e+000	2.754516e-006	
4.898043e-007	5.888744e+000	2.884332e-006	
5.128881e-007	5.888744e+000	3.020267e-006	
5.370598e-007	5.888744e+000	3.162608e-006	
5.623706e-007	5.888744e+000	3.311657e-006	
5.888743e-007	5.888744e+000	3.467730e-006	
6.166272e-007	5.888744e+000	3.631160e-006	
6.456879e-007	5.888744e+000	3.802291e-006	
6.761182e-007	5.888744e+000	3.981487e-006	
7.079827e-007	5.888744e+000	4.169129e-006	
7.413489e-007	5.888744e+000	4.365614e-006	
7.762876e-007	5.888744e+000	4.571359e-006	
8.128729e-007	5.888744e+000	4.786800e-006	
8.511824e-007	5.888744e+000	5.012395e-006	
8.912974e-007	5.888744e+000	5.248622e-006	
9.333030e-007	5.888744e+000	5.495982e-006	
9.772882e-007	5.888744e+000	5.755000e-006	
1.023346e-006	5.888744e+000	6.026225e-006	
1.071575e-006	5.888744e+000	6.310232e-006	
1.122077e-006	5.888744e+000	6.607624e-006	
1.174959e-006	5.888744e+000	6.919032e-006	
1.230333e-006	5.888744e+000	7.245116e-006	
1.288317e-006	5.888744e+000	7.586567e-006	
1.349033e-006	5.888744e+000	7.944111e-006	
1.412611e-006	5.888744e+000	8.318506e-006	
1.479186e-006	5.888744e+000	8.710545e-006	
1.548897e-006	5.888744e+000	9.121060e-006	
1.621895e-006	5.888744e+000	9.550922e-006	
1.698332e-006	5.888744e+000	1.000104e-005	
1.778372e-006	5.888744e+000	1.047238e-005	
1.862184e-006	5.888744e+000	1.096593e-005	
1.949946e-006	5.888744e+000	1.148273e-005	
2.041844e-006	5.888744e+000	1.202390e-005	
2.138074e-006	5.888744e+000	1.259057e-005	
2.238838e-006	5.888744e+000	1.318394e-005	
2.344351e-006	5.888744e+000	1.380528e-005	
2.454837e-006	5.888744e+000	1.445591e-005	
2.570530e-006	5.888744e+000	1.513719e-005	
2.691675e-006	5.888744e+000	1.585059e-005	
2.818530e-006	5.888744e+000	1.659760e-005	
2.951363e-006	5.888744e+000	1.737982e-005	
3.090457e-006	5.888744e+000	1.819891e-005	
3.236105e-006	5.888744e+000	1.905660e-005	
3.388618e-006	5.888744e+000	1.995471e-005	
3.548319e-006	5.888744e+000	2.089514e-005	
3.715546e-006	5.888744e+000	2.187990e-005	
3.890654e-006	5.888744e+000	2.291107e-005	
4.074015e-006	5.888744e+000	2.399083e-005	
4.266018e-006	5.888744e+000	2.512149e-005	
4.467069e-006	5.888744e+000	2.630542e-005	
4.677595e-006	5.888744e+000	2.754516e-005	
4.898044e-006	5.888744e+000	2.884332e-005	
5.128881e-006	5.888744e+000	3.020267e-005	
5.370598e-006	5.888744e+000	3.162608e-005	
5.623706e-006	5.888744e+000	3.311657e-005	
5.888744e-006	5.888744e+000	3.467730e-005	
6.166272e-006	5.888744e+000	3.631160e-005	
6.456879e-006	5.888744e+000	3.802291e-005	
6.761182e-006	5.888744e+000	3.981487e-005	
7.079827e-006	5.888744e+000	4.169129e-005	
7.413489e-006	5.888744e+000	4.365614e-005	
7.762876e-006	5.888744e+000	4.571359e-005	
8.128729e-006	5.888744e+000	4.786800e-005	
8.511824e-006	5.888744e+000	5.012395e-005	
8.912974e-006	5.888744e+000	5.248622e-005	
9.333030e-006	5.888744e+000	5.495982e-005	
9.772882e-006	5.888744e+000	5.755000e-005	
1.023346e-005	5.888744e+000	6.026224e-005	
1.071575e-005	5.888744e+000	6.310232e-005	
1.122077e-005	5.888744e+000	6.607624e-005	
1.174959e-005	5.888744e+000	6.919032e-005	
1.230333e-005	5.888744e+000	7.245116e-005	
1.288317e-005	5.888744e+000	7.586567e-005	
1.349033e-005	5.888744e+000	7.944111e-005	
1.412611e-005	5.888744e+000	8.318506e-005	
1.479186e-005	5.888744e+000	8.710545e-005	
1.548897e-005	5.888744e+000	9.121060e-005	
1.621895e-005	5.888744e+000	9.550922e-005	
1.698332e-005	5.888744e+000	1.000104e-004	
1.778372e-005	5.888744e+000	1.047238e-004	
1.862184e-005	5.888744e+000	1.096593e-004	
1.949946e-005	5.888744e+000	1.148273e-004	
2.041844e-005	5.888744e+000	1.202390e-004	
2.138074e-005	5.888744e+000	1.259057e-004	
2.238838e-005	5.888744e+000	1.318394e-004	
2.344351e-005	5.888744e+000	1.380528e-004	
2.454837e-005	5.888744e+000	1.445591e-004	
2.570530e-005	5.888744e+000	1.513719e-004	
2.691675e-005	5.888744e+000	1.585059e-004	
2.818530e-005	5.888744e+000	1.659760e-004	
2.951363e-005	5.888744e+000	1.737982e-004	
3.090456e-005	5.888744e+000	1.819891e-004	
3.236105e-005	5.888744e+000	1.905660e-004	
3.388618e-005	5.888744e+000	1.995471e-004	
3.548319e-005	5.888744e+000	2.089514e-004	
3.715546e-005	5.888744e+000	2.187990e-004	
3.890654e-005	5.888744e+000	2.291107e-004	
4.074015e-005	5.888744e+000	2.399083e-004	
4.266018e-005	5.888744e+000	2.512149e-004	
4.467069e-005	5.888744e+000	2.630542e-004	
4.677595e-005	5.888744e+000	2.754516e-004	
4.898044e-005	5.888744e+000	2.884332e-004	
5.128881e-005	5.888744e+000	3.020267e-004	
5.370598e-005	5.888744e+000	3.162608e-004	
5.623707e-005	5.888744e+000	3.311657e-004	
5.888744e-005	5.888744e+000	3.467730e-004	
6.166271e-005	5.888744e+000	3.631159e-004	
6.456879e-005	5.888744e+000	3.802291e-004	
6.761182e-005	5.888744e+000	3.981487e-004	
7.079827e-005	5.888744e+000	4.169129e-004	
7.413489e-005	5.888744e+000	4.365614e-004	
7.762876e-005	5.888744e+000	4.571359e-004	
8.128729e-005	5.888744e+000	4.786800e-004	
8.511824e-005	5.888744e+000	5.012395e-004	
8.912974e-005	5.888744e+000	5.248622e-004	
9.333029e-005	5.888744e+000	5.495982e-004	
9.772882e-005	5.888744e+000	5.755000e-004	
1.023346e-004	5.888744e+000	6.026224e-004	
1.071575e-004	5.888744e+000	6.310232e-004	
1.122077e-004	5.888744e+000	6.607624e-004	
1.174959e-004	5.888744e+000	6.919032e-004	
1.230333e-004	5.888744e+000	7.245116e-004	
1.288317e-004	5.888744e+000	7.586567e-004	
1.349033e-004	5.888744e+000	7.944111e-004	
1.412611e-004	5.888744e+000	8.318505e-004	
1.479186e-004	5.888744e+000	8.710545e-004	
1.548897e-004	5.888744e+000	9.121060e-004	
1.621895e-004	5.888744e+000	9.550922e-004	
1.698332e-004	5.888744e+000	1.000104e-003	
1.778372e-004	5.888744e+000	1.047238e-003	
1.862184e-004	5.888744e+000	1.096593e-003	
1.949946e-004	5.888744e+000	1.148273e-003	
2.041844e-004	5.888744e+000	1.202390e-003	
2.138074e-004	5.888744e+000	1.259057e-003	
2.238838e-004	5.888744e+000	1.318394e-003	
2.344351e-004	5.888744e+000	1.380528e-003	
2.454837e-004	5.888744e+000	1.445591e-003	
2.570530e-004	5.888744e+000	1.513719e-003	
2.691675e-004	5.888744e+000	1.585058e-003	
2.818530e-004	5.888744e+000	1.659760e-003	
2.951363e-004	5.888744e+000	1.737982e-003	
3.090457e-004	5.888744e+000	1.819891e-003	
3.236105e-004	5.888744e+000	1.905660e-003	
3.388618e-004	5.888744e+000	1.995471e-003	
3.548319e-004	5.888744e+000	2.089514e-003	
3.715546e-004	5.888744e+000	2.187990e-003	
3.890654e-004	5.888744e+000	2.291107e-003	
4.074015e-004	5.888744e+000	2.399083e-003	
4.266018e-004	5.888744e+000	2.512149e-003	
4.467069e-004	5.888744e+000	2.630542e-003	
4.677595e-004	5.888744e+000	2.754516e-003	
4.898044e-004	5.888744e+000	2.884332e-003	
5.128881e-004	5.888744e+000	3.020267e-003	
5.370598e-004	5.888744e+000	3.162608e-003	
5.623706e-004	5.888744e+000	3.311657e-003	
5.888744e-004	5.888744e+000	3.467730e-003	
6.166272e-004	5.888744e+000	3.631159e-003	
6.456879e-004	5.888744e+000	3.802291e-003	
6.761182e-004	5.888744e+000	3.981487e-003	
7.079827e-004	5.888744e+000	4.169129e-003	
7.413489e-004	5.888744e+000	4.365614e-003	
7.762876e-004	5.888744e+000	4.571359e-003	
8.128729e-004	5.888744e+000	4.786800e-003	
8.511824e-004	5.888744e+000	5.012395e-003	
8.912974e-004	5.888744e+000	5.248622e-003	
9.333030e-004	5.888744e+000	5.495982e-003	
9.772882e-004	5.888744e+000	5.755000e-003	
1.023346e-003	5.888744e+000	6.026224e-003	
1.071575e-003	5.888744e+000	6.310232e-003	
1.122077e-003	5.888743e+000	6.607624e-003	
1.174959e-003	5.888743e+000	6.919031e-003	
1.230333e-003	5.888743e+000	7.245115e-003	
1.288317e-003	5.888743e+000	7.586566e-003	
1.349033e-003	5.888743e+000	7.944110e-003	
1.412611e-003	5.888743e+000	8.318505e-003	
1.479186e-003	5.888743e+000	8.710544e-003	
1.548897e-003	5.888743e+000	9.121059e-003	
1.621895e-003	5.888743e+000	9.550921e-003	
1.698332e-003	5.888743e+000	1.000104e-002	
1.778372e-003	5.888743e+000	1.047238e-002	
1.862184e-003	5.888743e+000	1.096593e-002	
1.949946e-003	5.888743e+000	1.148273e-002	
2.041844e-003	5.888743e+000	1.202390e-002	
2.138074e-003	5.888743e+000	1.259057e-002	
2.238838e-003	5.888743e+000	1.318394e-002	
2.344351e-003	5.888743e+000	1.380528e-002	
2.454837e-003	5.888743e+000	1.445590e-002	
2.570530e-003	5.888743e+000	1.513719e-002	
2.691675e-003	5.888743e+000	1.585058e-002	
2.818530e-003	5.888743e+000	1.659760e-002	
2.951363e-003	5.888743e+000	1.737982e-002	
3.090457e-003	5.888743e+000	1.819891e-002	
3.236105e-003	5.888743e+000	1.905659e-002	
3.388618e-003	5.888743e+000	1.995470e-002	
3.548319e-003	5.888743e+000	2.089514e-002	
3.715546e-003	5.888743e+000	2.187990e-002	
3.890654e-003	5.888743e+000	2.291106e-002	
4.074015e-003	5.888743e+000	2.399083e-002	
4.266018e-003	5.888743e+000	2.512148e-002	
4.467069e-003	5.888743e+000	2.630542e-002	
4.677595e-003	5.888743e+000	2.754516e-002	
4.898043e-003	5.888743e+000	2.884332e-002	
5.128881e-003	5.888743e+000	3.020267e-002	
5.370598e-003	5.888743e+000	3.162607e-002	
5.623707e-003	5.888743e+000	3.311657e-002	
5.888744e-003	5.888743e+000	3.467730e-002	
6.166271e-003	5.888743e+000	3.631159e-002	
6.456879e-003	5.888743e+000	3.802290e-002	
6.761182e-003	5.888743e+000	3.981487e-002	
7.079827e-003	5.888743e+000	4.169129e-002	
7.413489e-003	5.888743e+000	4.365613e-002	
7.762876e-003	5.888743e+000	4.571358e-002	
8.128729e-003	5.888743e+000	4.786800e-002	
8.511825e-003	5.888743e+000	5.012395e-002	
8.912974e-003	5.888743e+000	5.248622e-002	
9.333029e-003	5.888743e+000	5.495982e-002	
9.772882e-003	5.888743e+000	5.754999e-002	
1.023346e-002	5.888743e+000	6.026224e-002	
1.071575e-002	5.888743e+000	6.310231e-002	
1.122077e-002	5.888743e+000	6.607623e-002	
1.174959e-002	5.888743e+000	6.919031e-002	
1.230333e-002	5.888743e+000	7.245115e-002	
1.288317e-002	5.888743e+000	7.586566e-002	
1.349033e-002	5.888743e+000	7.944111e-002	
1.412611e-002	5.888743e+000	8.318505e-002	
1.479185e-002	5.888743e+000	8.710544e-002	
1.548897e-002	5.888743e+000	9.121059e-002	
1.621895e-002	5.888743e+000	9.550921e-002	
1.698332e-002	5.888743e+000	1.000104e-001	
1.778372e-002	5.888743e+000	1.047238e-001	
1.862184e-002	5.888743e+000	1.096592e-001	
1.949946e-002	5.888743e+000	1.148273e-001	
2.041844e-002	5.888743e+000	1.202390e-001	
2.138074e-002	5.888743e+000	1.259057e-001	
2.238838e-002	5.888743e+000	1.318394e-001	
2.344351e-002	5.888743e+000	1.380528e-001	
2.454837e-002	5.888743e+000	1.445590e-001	
2.570530e-002	5.888743e+000	1.513719e-001	
2.691675e-002	5.888743e+000	1.585058e-001	
2.818530e-002	5.888743e+000	1.659760e-001	
2.951363e-002	5.888743e+000	1.737982e-001	
3.090456e-002	5.888743e+000	1.819890e-001	
3.236105e-002	5.888743e+000	1.905659e-001	
3.388618e-002	5.888743e+000	1.995470e-001	
3.548319e-002	5.888743e+000	2.089514e-001	
3.715546e-002	5.888743e+000	2.187990e-001	
3.890654e-002	5.888743e+000	2.291106e-001	
4.074015e-002	5.888743e+000	2.399083e-001	
4.266017e-002	5.888743e+000	2.512148e-001	
4.467069e-002	5.888743e+000	2.630542e-001	
4.677595e-002	5.888743e+000	2.754515e-001	
4.898043e-002	5.888743e+000	2.884332e-001	
5.128881e-002	5.888743e+000	3.020266e-001	
5.370598e-002	5.888743e+000	3.162607e-001	
5.623706e-002	5.888743e+000	3.311656e-001	
5.888743e-002	5.888743e+000	3.467729e-001	
6.166271e-002	5.888743e+000	3.631158e-001	
6.456878e-002	5.888743e+000	3.802289e-001	
6.761181e-002	5.888743e+000	3.981486e-001	
7.079826e-002	5.888743e+000	4.169128e-001	
7.413488e-002	5.888742e+000	4.365612e-001	
7.762875e-002	5.888742e+000	4.571357e-001	
8.128728e-002	5.888742e+000	4.786799e-001	
8.511823e-002	5.888742e+000	5.012393e-001	
8.912972e-002	5.888742e+000	5.248620e-001	
9.333028e-002	5.888742e+000	5.495980e-001	
9.772880e-002	5.888742e+000	5.754997e-001	
1.023346e-001	5.888742e+000	6.026222e-001	
1.071575e-001	5.888742e+000	6.310229e-001	
1.122077e-001	5.888742e+000	6.607620e-001	
1.174958e-001	5.888742e+000	6.919027e-001	
1.230333e-001	5.888742e+000	7.245111e-001	
1.288316e-001	5.888742e+000	7.586563e-001	
1.349033e-001	5.888742e+000	7.944106e-001	
1.412611e-001	5.888742e+000	8.318500e-001	
1.479185e-001	5.888741e+000	8.710539e-001	
1.548897e-001	5.888741e+000	9.121053e-001	
1.621894e-001	5.888741e+000	9.550915e-001	
1.698332e-001	5.888741e+000	1.000104e+000	
1.778371e-001	5.888741e+000	1.047237e+000	
1.862184e-001	5.888741e+000	1.096592e+000	
1.949945e-001	5.888741e+000	1.148272e+000	
2.041844e-001	5.888741e+000	1.202389e+000	
2.138073e-001	5.888741e+000	1.259056e+000	
2.238837e-001	5.888741e+000	1.318393e+000	
2.344350e-001	5.888741e+000	1.380527e+000	
2.454836e-001	5.888741e+000	1.445589e+000	
2.570528e-001	5.888740e+000	1.513717e+000	
2.691674e-001	5.888740e+000	1.585057e+000	
2.818528e-001	5.888740e+000	1.659758e+000	
2.951361e-001	5.888740e+000	1.737980e+000	
3.090454e-001	5.888740e+000	1.819888e+000	
3.236103e-001	5.888740e+000	1.905657e+000	
3.388616e-001	5.888739e+000	1.995467e+000	
3.548316e-001	5.888739e+000	2.089511e+000	
3.715543e-001	5.888739e+000	2.187986e+000	
3.890651e-001	5.888739e+000	2.291103e+000	
4.074011e-001	5.888738e+000	2.399079e+000	
4.266014e-001	5.888738e+000	2.512144e+000	
4.467064e-001	5.888738e+000	2.630537e+000	
4.677590e-001	5.888738e+000	2.754510e+000	
4.898038e-001	5.888737e+000	2.884326e+000	
5.128875e-001	5.888737e+000	3.020260e+000	
5.370592e-001	5.888737e+000	3.162600e+000	
5.623699e-001	5.888736e+000	3.311648e+000	
5.888736e-001	5.888736e+000	3.467721e+000	
6.166263e-001	5.888736e+000	3.631149e+000	
6.456870e-001	5.888735e+000	3.802280e+000	
6.761172e-001	5.888735e+000	3.981475e+000	
7.079816e-001	5.888734e+000	4.169115e+000	
7.413477e-001	5.888734e+000	4.365599e+000	
7.762862e-001	5.888733e+000	4.571343e+000	
8.128715e-001	5.888733e+000	4.786783e+000	
8.511808e-001	5.888732e+000	5.012376e+000	
8.912957e-001	5.888732e+000	5.248601e+000	
9.333010e-001	5.888731e+000	5.495959e+000	
9.772860e-001	5.888731e+000	5.754975e+000	
1.023344e+000	5.888730e+000	6.026197e+000	
1.071573e+000	5.888730e+000	6.310202e+000	
1.122074e+000	5.888729e+000	6.607591e+000	
1.174956e+000	5.888728e+000	6.918995e+000	
1.230330e+000	5.888728e+000	7.245075e+000	
1.288313e+000	5.888727e+000	7.586523e+000	
1.349029e+000	5.888726e+000	7.944063e+000	
1.412607e+000	5.888725e+000	8.318453e+000	
1.479181e+000	5.888724e+000	8.710487e+000	
1.548892e+000	5.888723e+000	9.120997e+000	
1.621889e+000	5.888722e+000	9.550853e+000	
1.698326e+000	5.888721e+000	1.000097e+001	
1.778365e+000	5.888721e+000	1.047230e+001	
1.862177e+000	5.888719e+000	1.096583e+001	
1.949938e+000	5.888718e+000	1.148263e+001	
2.041835e+000	5.888717e+000	1.202379e+001	
2.138063e+000	5.888716e+000	1.259045e+001	
2.238827e+000	5.888714e+000	1.318381e+001	
2.344339e+000	5.888713e+000	1.380514e+001	
2.454823e+000	5.888711e+000	1.445575e+001	
2.570515e+000	5.888710e+000	1.513702e+001	
2.691659e+000	5.888708e+000	1.585039e+001	
2.818512e+000	5.888707e+000	1.659739e+001	
2.951344e+000	5.888705e+000	1.737959e+001	
3.090435e+000	5.888703e+000	1.819866e+001	
3.236082e+000	5.888701e+000	1.905632e+001	
3.388593e+000	5.888699e+000	1.995440e+001	
3.548291e+000	5.888697e+000	2.089481e+001	
3.715515e+000	5.888695e+000	2.187954e+001	
3.890621e+000	5.888692e+000	2.291067e+001	
4.073978e+000	5.888690e+000	2.399040e+001	
4.265977e+000	5.888688e+000	2.512101e+001	
4.467024e+000	5.888685e+000	2.630490e+001	
4.677547e+000	5.888682e+000	2.754459e+001	
4.897990e+000	5.888680e+000	2.884269e+001	
5.128823e+000	5.888676e+000	3.020198e+001	
5.370534e+000	5.888673e+000	3.162532e+001	
5.623636e+000	5.888670e+000	3.311574e+001	
5.888666e+000	5.888666e+000	3.467639e+001	
6.166187e+000	5.888663e+000	3.631059e+001	
6.456786e+000	5.888659e+000	3.802181e+001	
6.761080e+000	5.888655e+000	3.981367e+001	
7.079715e+000	5.888651e+000	4.168997e+001	
7.413366e+000	5.888646e+000	4.365469e+001	
7.762742e+000	5.888642e+000	4.571200e+001	
8.128582e+000	5.888637e+000	4.786627e+001	
8.511662e+000	5.888632e+000	5.012205e+001	
8.912797e+000	5.888627e+000	5.248413e+001	
9.332835e+000	5.888621e+000	5.495753e+001	
9.772669e+000	5.888615e+000	5.754749e+001	
1.023323e+001	5.888609e+000	6.025949e+001	
1.071550e+001	5.888603e+000	6.309930e+001	
1.122049e+001	5.888596e+000	6.607292e+001	
1.174928e+001	5.888589e+000	6.918669e+001	
1.230299e+001	5.888582e+000	7.244718e+001	
1.288280e+001	5.888575e+000	7.586131e+001	
1.348993e+001	5.888566e+000	7.943633e+001	
1.412567e+001	5.888558e+000	8.317981e+001	
1.479137e+001	5.888549e+000	8.709970e+001	
1.548844e+001	5.888540e+000	9.120429e+001	
1.621836e+001	5.888531e+000	9.550231e+001	
1.698268e+001	5.888520e+000	1.000029e+002	
1.778302e+001	5.888510e+000	1.047155e+002	
1.862107e+001	5.888499e+000	1.096501e+002	
1.949861e+001	5.888487e+000	1.148173e+002	
2.041751e+001	5.888475e+000	1.202280e+002	
2.137971e+001	5.888463e+000	1.258937e+002	
2.238726e+001	5.888449e+000	1.318262e+002	
2.344228e+001	5.888435e+000	1.380384e+002	
2.454702e+001	5.888421e+000	1.445432e+002	
2.570382e+001	5.888406e+000	1.513545e+002	
2.691513e+001	5.888390e+000	1.584868e+002	
2.818353e+001	5.888373e+000	1.659551e+002	
2.951169e+001	5.888355e+000	1.737753e+002	
3.090243e+001	5.888337e+000	1.819639e+002	
3.235872e+001	5.888318e+000	1.905384e+002	
3.388362e+001	5.888298e+000	1.995168e+002	
3.548038e+001	5.888277e+000	2.089183e+002	
3.715237e+001	5.888255e+000	2.187626e+002	
3.890316e+001	5.888232e+000	2.290708e+002	
4.073644e+001	5.888207e+000	2.398646e+002	
4.265611e+001	5.888182e+000	2.511669e+002	
4.466623e+001	5.888155e+000	2.630017e+002	
4.677106e+001	5.888127e+000	2.753940e+002	
4.897507e+001	5.888098e+000	2.883700e+002	
5.128293e+001	5.888068e+000	3.019574e+002	
5.369952e+001	5.888036e+000	3.161847e+002	
5.622998e+001	5.888002e+000	3.310823e+002	
5.887967e+001	5.887967e+000	3.466816e+002	
6.165420e+001	5.887930e+000	3.630156e+002	
6.455945e+001	5.887892e+000	3.801190e+002	
6.760158e+001	5.887851e+000	3.980280e+002	
7.078703e+001	5.887809e+000	4.167805e+002	
7.412256e+001	5.887764e+000	4.364162e+002	
7.761523e+001	5.887718e+000	4.569766e+002	
8.127245e+001	5.887669e+000	4.785053e+002	
8.510197e+001	5.887618e+000	5.010478e+002	
8.911189e+001	5.887564e+000	5.246519e+002	
9.331071e+001	5.887507e+000	5.493675e+002	
9.770732e+001	5.887448e+000	5.752468e+002	
1.023111e+002	5.887386e+000	6.023447e+002	
1.071316e+002	5.887321e+000	6.307184e+002	
1.121793e+002	5.887253e+000	6.604278e+002	
1.174647e+002	5.887181e+000	6.915360e+002	
1.229991e+002	5.887105e+000	7.241085e+002	
1.287941e+002	5.887026e+000	7.582142e+002	
1.348621e+002	5.886943e+000	7.939253e+002	
1.412158e+002	5.886855e+000	8.313171e+002	
1.478688e+002	5.886763e+000	8.704685e+002	
1.548351e+002	5.886665e+000	9.114622e+002	
1.621294e+002	5.886562e+000	9.543847e+002	
1.697672e+002	5.886454e+000	9.993266e+002	
1.777646e+002	5.886338e+000	1.046382e+003	
1.861385e+002	5.886217e+000	1.095652e+003	
1.949067e+002	5.886087e+000	1.147238e+003	
2.040876e+002	5.885949e+000	1.201249e+003	
2.137005e+002	5.885802e+000	1.257799e+003	
2.237659e+002	5.885644e+000	1.317007e+003	
2.343049e+002	5.885474e+000	1.378996e+003	
2.453397e+002	5.885291e+000	1.443896e+003	
2.568935e+002	5.885090e+000	1.511841e+003	
2.689905e+002	5.884871e+000	1.582974e+003	
2.816560e+002	5.884627e+000	1.657440e+003	
2.949164e+002	5.884355e+000	1.735393e+003	
3.087992e+002	5.884047e+000	1.816989e+003	
3.233329e+002	5.883692e+000	1.902391e+003	
3.385473e+002	5.883277e+000	1.991768e+003	
3.544728e+002	5.882783e+000	2.085287e+003	
3.711407e+002	5.882184e+000	2.183118e+003	
3.885828e+002	5.881438e+000	2.285426e+003	
4.068306e+002	5.880491e+000	2.392363e+003	
4.259144e+002	5.879256e+000	2.504060e+003	
4.458621e+002	5.877607e+000	2.620602e+003	
4.666956e+002	5.875350e+000	2.742000e+003	
4.884268e+002	5.872181e+000	2.868131e+003	
5.110487e+002	5.867624e+000	2.998641e+003	
5.345209e+002	5.860906e+000	3.132777e+003	
5.587443e+002	5.850771e+000	3.269085e+003	
5.835172e+002	5.835171e+000	3.404922e+003	
6.084698e+002	5.810842e+000	3.535722e+003	
6.329932e+002	5.772966e+000	3.654248e+003	
6.562336e+002	5.715556e+000	3.750740e+003	
6.772786e+002	5.633358e+000	3.815352e+003	
6.955098e+002	5.524630e+000	3.842434e+003	
7.108257e+002	5.392165e+000	3.832889e+003	
7.235361e+002	5.241556e+000	3.792455e+003	
7.348906e+002	5.084201e+000	3.736332e+003	
7.498967e+002	4.954519e+000	3.715377e+003	
7.642186e+002	4.821893e+000	3.684980e+003	
7.779348e+002	4.687521e+000	3.646585e+003	
7.911075e+002	4.552349e+000	3.601397e+003	
8.037855e+002	4.417130e+000	3.550425e+003	
8.099261e+002	4.250552e+000	3.442633e+003	
8.146884e+002	4.083114e+000	3.326466e+003	
8.189341e+002	3.919665e+000	3.209948e+003	
8.227515e+002	3.760700e+000	3.094122e+003	
8.262064e+002	3.606522e+000	2.979732e+003	
8.293504e+002	3.457308e+000	2.867320e+003	
8.322250e+002	3.313147e+000	2.757284e+003	
8.348642e+002	3.174065e+000	2.649913e+003	
8.372960e+002	3.040038e+000	2.545411e+003	
8.395438e+002	2.911008e+000	2.443918e+003	
8.416273e+002	2.786890e+000	2.345523e+003	
8.435634e+002	2.667582e+000	2.250274e+003	
8.453666e+002	2.552966e+000	2.158192e+003	
8.470493e+002	2.442917e+000	2.069271e+003	
8.486223e+002	2.337300e+000	1.983485e+003	
8.500952e+002	2.235978e+000	1.900794e+003	
8.514763e+002	2.138812e+000	1.821148e+003	
8.527733e+002	2.045660e+000	1.744485e+003	
8.539925e+002	1.956384e+000	1.670737e+003	
8.551400e+002	1.870842e+000	1.599832e+003	
8.562210e+002	1.788899e+000	1.531693e+003	
8.572404e+002	1.710420e+000	1.466241e+003	
8.582026e+002	1.635271e+000	1.403394e+003	
8.591114e+002	1.563326e+000	1.343071e+003	
8.599705e+002	1.494457e+000	1.285189e+003	
8.607831e+002	1.428544e+000	1.229667e+003	
8.615524e+002	1.365469e+000	1.176423e+003	
8.622810e+002	1.305115e+000	1.125376e+003	
8.629716e+002	1.247373e+000	1.076448e+003	
8.636265e+002	1.192136e+000	1.029561e+003	
8.642480e+002	1.139301e+000	9.846385e+002	
8.648383e+002	1.088767e+000	9.416074e+002	
8.653994e+002	1.040439e+000	9.003951e+002	
8.659333e+002	9.942244e-001	8.609320e+002	
8.664423e+002	9.500351e-001	8.231506e+002	
8.669294e+002	9.077865e-001	7.869869e+002	
8.674010e+002	8.674010e-001	7.523845e+002	
8.680422e+002	8.289739e-001	7.195843e+002	
8.705252e+002	7.939284e-001	6.911347e+002	
8.729084e+002	7.602714e-001	6.636473e+002	
8.751948e+002	7.279553e-001	6.371027e+002	
8.773880e+002	6.969340e-001	6.114816e+002	
8.794913e+002	6.671624e-001	5.867636e+002	
8.815082e+002	6.385962e-001	5.629278e+002	
8.834417e+002	6.111923e-001	5.399528e+002	
8.852951e+002	5.849087e-001	5.178168e+002	
8.870714e+002	5.597042e-001	4.964975e+002	
8.887734e+002	5.355390e-001	4.759728e+002	
8.904042e+002	5.123742e-001	4.562201e+002	
8.919664e+002	4.901720e-001	4.372170e+002	
8.934628e+002	4.688959e-001	4.189411e+002	
8.948959e+002	4.485104e-001	4.013701e+002	
8.962682e+002	4.289809e-001	3.844820e+002	
8.975822e+002	4.102742e-001	3.682549e+002	
8.988402e+002	3.923580e-001	3.526671e+002	
9.000444e+002	3.752010e-001	3.376976e+002	
9.011971e+002	3.587730e-001	3.233252e+002	
9.023003e+002	3.430450e-001	3.095296e+002	
9.033560e+002	3.279887e-001	2.962906e+002	
9.043663e+002	3.135771e-001	2.835886e+002	
9.053329e+002	2.997839e-001	2.714042e+002	
9.062577e+002	2.865838e-001	2.597188e+002	
9.071424e+002	2.739526e-001	2.485140e+002	
9.079887e+002	2.618668e-001	2.377721e+002	
9.087982e+002	2.503038e-001	2.274757e+002	
9.095724e+002	2.392419e-001	2.176079e+002	
9.103129e+002	2.286603e-001	2.081524e+002	
9.110211e+002	2.185387e-001	1.990934e+002	
9.116982e+002	2.088580e-001	1.904155e+002	
9.123457e+002	1.995995e-001	1.821037e+002	
9.129648e+002	1.907454e-001	1.741438e+002	
9.135568e+002	1.822785e-001	1.665218e+002	
9.141227e+002	1.741825e-001	1.592242e+002	
9.146637e+002	1.664414e-001	1.522379e+002	
9.151809e+002	1.590402e-001	1.455506e+002	
9.156753e+002	1.519643e-001	1.391499e+002	
9.161479e+002	1.451997e-001	1.330244e+002	
9.165996e+002	1.387330e-001	1.271626e+002	
9.170314e+002	1.325514e-001	1.215538e+002	
9.174440e+002	1.266425e-001	1.161874e+002	
9.178384e+002	1.209947e-001	1.110535e+002	
9.182153e+002	1.155965e-001	1.061424e+002	
9.185755e+002	1.104371e-001	1.014448e+002	
9.189197e+002	1.055061e-001	9.695164e+001	
9.192487e+002	1.007936e-001	9.265439e+001	
9.195630e+002	9.629007e-002	8.854478e+001	
9.198633e+002	9.198634e-002	8.461486e+001	
9.201503e+002	8.787367e-002	8.085699e+001	
9.204246e+002	8.394372e-002	7.726386e+001	
9.206866e+002	8.018845e-002	7.382843e+001	
9.209370e+002	7.660019e-002	7.054395e+001	
9.211761e+002	7.317162e-002	6.740395e+001	
9.214047e+002	6.989569e-002	6.440222e+001	
9.216230e+002	6.676568e-002	6.153279e+001	
9.218316e+002	6.377517e-002	5.878996e+001	
9.220308e+002	6.091797e-002	5.616825e+001	
9.222206e+002	5.818819e-002	5.366234e+001	
9.223923e+002	5.557963e-002	5.126623e+001	
9.225115e+002	5.308500e-002	4.897152e+001	
9.225826e+002	5.069968e-002	4.677465e+001	
9.226330e+002	4.842047e-002	4.467432e+001	
9.226735e+002	4.624321e-002	4.266739e+001	
9.227081e+002	4.416359e-002	4.075010e+001	
9.227390e+002	4.217731e-002	3.891865e+001	
9.227669e+002	4.028024e-002	3.716927e+001	
9.227926e+002	3.846840e-002	3.549835e+001	
9.228164e+002	3.673798e-002	3.390241e+001	
9.228386e+002	3.508535e-002	3.237811e+001	
9.228594e+002	3.350700e-002	3.092225e+001	
9.228789e+002	3.199961e-002	2.953177e+001	
9.228973e+002	3.056000e-002	2.820375e+001	
9.229147e+002	2.918513e-002	2.693538e+001	
9.229312e+002	2.787207e-002	2.572401e+001	
9.229467e+002	2.661807e-002	2.456706e+001	
9.229614e+002	2.542047e-002	2.346211e+001	
9.229754e+002	2.427673e-002	2.240682e+001	
9.229887e+002	2.318443e-002	2.139897e+001	
9.230013e+002	2.214126e-002	2.043641e+001	
9.230133e+002	2.114501e-002	1.951713e+001	
9.230247e+002	2.019358e-002	1.863917e+001	
9.230356e+002	1.928495e-002	1.780069e+001	
9.230460e+002	1.841719e-002	1.699991e+001	
9.230558e+002	1.758846e-002	1.623513e+001	
9.230652e+002	1.679702e-002	1.550475e+001	
9.230741e+002	1.604119e-002	1.480721e+001	
9.230825e+002	1.531936e-002	1.414103e+001	
9.230906e+002	1.463000e-002	1.350481e+001	
9.230983e+002	1.397166e-002	1.289721e+001	
9.231057e+002	1.334294e-002	1.231694e+001	
9.231126e+002	1.274250e-002	1.176276e+001	
9.231193e+002	1.216908e-002	1.123352e+001	
9.231257e+002	1.162146e-002	1.072807e+001	
9.231318e+002	1.109848e-002	1.024536e+001	
9.231375e+002	1.059904e-002	9.784368e+000	
9.231431e+002	1.012206e-002	9.344112e+000	
9.231483e+002	9.666550e-003	8.923659e+000	
9.231534e+002	9.231534e-003	8.522122e+000	
