V(out)	I(R1)	power

% Ifail is 65% of Iphoto
%Step Information: Ifailure=3.80889  (Run: 4/6)
5.887294e-020	5.887293e+000	3.466023e-019	
6.164753e-020	5.887293e+000	3.629371e-019	
6.455289e-020	5.887293e+000	3.800418e-019	
6.759518e-020	5.887293e+000	3.979526e-019	
7.078084e-020	5.887293e+000	4.167075e-019	
7.411664e-020	5.887293e+000	4.363464e-019	
7.760965e-020	5.887293e+000	4.569108e-019	
8.126728e-020	5.887293e+000	4.784443e-019	
8.509728e-020	5.887293e+000	5.009927e-019	
8.910779e-020	5.887293e+000	5.246037e-019	
9.330732e-020	5.887293e+000	5.493275e-019	
9.770475e-020	5.887293e+000	5.752165e-019	
1.023094e-019	5.887293e+000	6.023256e-019	
1.071311e-019	5.887293e+000	6.307124e-019	
1.121801e-019	5.887293e+000	6.604369e-019	
1.174669e-019	5.887293e+000	6.915624e-019	
1.230030e-019	5.887293e+000	7.241547e-019	
1.287999e-019	5.887293e+000	7.582831e-019	
1.348701e-019	5.887293e+000	7.940199e-019	
1.412263e-019	5.887293e+000	8.314409e-019	
1.478821e-019	5.887293e+000	8.706254e-019	
1.548516e-019	5.887293e+000	9.116568e-019	
1.621495e-019	5.887293e+000	9.546218e-019	
1.697914e-019	5.887293e+000	9.996118e-019	
1.777934e-019	5.887293e+000	1.046722e-018	
1.861726e-019	5.887293e+000	1.096053e-018	
1.949466e-019	5.887293e+000	1.147708e-018	
2.041342e-019	5.887293e+000	1.201798e-018	
2.137547e-019	5.887293e+000	1.258437e-018	
2.238287e-019	5.887293e+000	1.317745e-018	
2.343774e-019	5.887293e+000	1.379848e-018	
2.454232e-019	5.887293e+000	1.444879e-018	
2.569897e-019	5.887293e+000	1.512974e-018	
2.691012e-019	5.887293e+000	1.584278e-018	
2.817836e-019	5.887293e+000	1.658943e-018	
2.950636e-019	5.887293e+000	1.737126e-018	
3.089696e-019	5.887293e+000	1.818994e-018	
3.235308e-019	5.887293e+000	1.904721e-018	
3.387784e-019	5.887293e+000	1.994488e-018	
3.547445e-019	5.887293e+000	2.088485e-018	
3.714631e-019	5.887293e+000	2.186912e-018	
3.889696e-019	5.887293e+000	2.289978e-018	
4.073012e-019	5.887293e+000	2.397902e-018	
4.264967e-019	5.887293e+000	2.510911e-018	
4.465969e-019	5.887293e+000	2.629247e-018	
4.676443e-019	5.887293e+000	2.753159e-018	
4.896837e-019	5.887293e+000	2.882912e-018	
5.127618e-019	5.887293e+000	3.018779e-018	
5.369275e-019	5.887293e+000	3.161050e-018	
5.622322e-019	5.887293e+000	3.310026e-018	
5.887294e-019	5.887293e+000	3.466022e-018	
6.164753e-019	5.887293e+000	3.629371e-018	
6.455289e-019	5.887293e+000	3.800418e-018	
6.759517e-019	5.887293e+000	3.979526e-018	
7.078084e-019	5.887293e+000	4.167075e-018	
7.411663e-019	5.887293e+000	4.363464e-018	
7.760964e-019	5.887293e+000	4.569107e-018	
8.126727e-019	5.887293e+000	4.784443e-018	
8.509728e-019	5.887293e+000	5.009927e-018	
8.910779e-019	5.887293e+000	5.246037e-018	
9.330732e-019	5.887293e+000	5.493275e-018	
9.770475e-019	5.887293e+000	5.752165e-018	
1.023094e-018	5.887293e+000	6.023257e-018	
1.071311e-018	5.887293e+000	6.307124e-018	
1.121801e-018	5.887293e+000	6.604369e-018	
1.174669e-018	5.887293e+000	6.915624e-018	
1.230030e-018	5.887293e+000	7.241547e-018	
1.288000e-018	5.887293e+000	7.582831e-018	
1.348701e-018	5.887293e+000	7.940199e-018	
1.412263e-018	5.887293e+000	8.314409e-018	
1.478821e-018	5.887293e+000	8.706255e-018	
1.548516e-018	5.887293e+000	9.116568e-018	
1.621495e-018	5.887293e+000	9.546218e-018	
1.697914e-018	5.887293e+000	9.996118e-018	
1.777934e-018	5.887293e+000	1.046722e-017	
1.861726e-018	5.887293e+000	1.096053e-017	
1.949466e-018	5.887293e+000	1.147708e-017	
2.041342e-018	5.887293e+000	1.201798e-017	
2.137547e-018	5.887293e+000	1.258437e-017	
2.238287e-018	5.887293e+000	1.317745e-017	
2.343774e-018	5.887293e+000	1.379848e-017	
2.454232e-018	5.887293e+000	1.444879e-017	
2.569897e-018	5.887293e+000	1.512974e-017	
2.691012e-018	5.887293e+000	1.584278e-017	
2.817836e-018	5.887293e+000	1.658943e-017	
2.950636e-018	5.887293e+000	1.737126e-017	
3.089696e-018	5.887293e+000	1.818994e-017	
3.235309e-018	5.887293e+000	1.904721e-017	
3.387784e-018	5.887293e+000	1.994488e-017	
3.547445e-018	5.887293e+000	2.088485e-017	
3.714631e-018	5.887293e+000	2.186912e-017	
3.889696e-018	5.887293e+000	2.289978e-017	
4.073012e-018	5.887293e+000	2.397902e-017	
4.264967e-018	5.887293e+000	2.510911e-017	
4.465969e-018	5.887293e+000	2.629247e-017	
4.676444e-018	5.887293e+000	2.753160e-017	
4.896838e-018	5.887293e+000	2.882912e-017	
5.127618e-018	5.887293e+000	3.018779e-017	
5.369276e-018	5.887293e+000	3.161050e-017	
5.622322e-018	5.887293e+000	3.310026e-017	
5.887293e-018	5.887293e+000	3.466022e-017	
6.164753e-018	5.887293e+000	3.629371e-017	
6.455289e-018	5.887293e+000	3.800418e-017	
6.759517e-018	5.887293e+000	3.979526e-017	
7.078084e-018	5.887293e+000	4.167075e-017	
7.411663e-018	5.887293e+000	4.363464e-017	
7.760964e-018	5.887293e+000	4.569107e-017	
8.126728e-018	5.887293e+000	4.784443e-017	
8.509728e-018	5.887293e+000	5.009927e-017	
8.910779e-018	5.887293e+000	5.246037e-017	
9.330731e-018	5.887293e+000	5.493275e-017	
9.770475e-018	5.887293e+000	5.752165e-017	
1.023094e-017	5.887293e+000	6.023257e-017	
1.071311e-017	5.887293e+000	6.307124e-017	
1.121801e-017	5.887293e+000	6.604370e-017	
1.174670e-017	5.887293e+000	6.915624e-017	
1.230030e-017	5.887293e+000	7.241547e-017	
1.287999e-017	5.887293e+000	7.582831e-017	
1.348701e-017	5.887293e+000	7.940199e-017	
1.412263e-017	5.887293e+000	8.314408e-017	
1.478821e-017	5.887293e+000	8.706255e-017	
1.548516e-017	5.887293e+000	9.116568e-017	
1.621495e-017	5.887293e+000	9.546219e-017	
1.697914e-017	5.887293e+000	9.996117e-017	
1.777934e-017	5.887293e+000	1.046722e-016	
1.861726e-017	5.887293e+000	1.096052e-016	
1.949466e-017	5.887293e+000	1.147708e-016	
2.041342e-017	5.887293e+000	1.201798e-016	
2.137547e-017	5.887293e+000	1.258437e-016	
2.238287e-017	5.887293e+000	1.317745e-016	
2.343774e-017	5.887293e+000	1.379848e-016	
2.454232e-017	5.887293e+000	1.444879e-016	
2.569897e-017	5.887293e+000	1.512974e-016	
2.691012e-017	5.887293e+000	1.584278e-016	
2.817836e-017	5.887293e+000	1.658943e-016	
2.950636e-017	5.887293e+000	1.737126e-016	
3.089696e-017	5.887293e+000	1.818994e-016	
3.235309e-017	5.887293e+000	1.904721e-016	
3.387784e-017	5.887293e+000	1.994488e-016	
3.547445e-017	5.887293e+000	2.088485e-016	
3.714631e-017	5.887293e+000	2.186912e-016	
3.889696e-017	5.887293e+000	2.289978e-016	
4.073012e-017	5.887293e+000	2.397902e-016	
4.264967e-017	5.887293e+000	2.510911e-016	
4.465969e-017	5.887293e+000	2.629247e-016	
4.676443e-017	5.887293e+000	2.753159e-016	
4.896837e-017	5.887293e+000	2.882912e-016	
5.127619e-017	5.887293e+000	3.018779e-016	
5.369276e-017	5.887293e+000	3.161050e-016	
5.622321e-017	5.887293e+000	3.310026e-016	
5.887294e-017	5.887293e+000	3.466023e-016	
6.164753e-017	5.887293e+000	3.629371e-016	
6.455289e-017	5.887293e+000	3.800418e-016	
6.759517e-017	5.887293e+000	3.979526e-016	
7.078084e-017	5.887293e+000	4.167076e-016	
7.411663e-017	5.887293e+000	4.363464e-016	
7.760965e-017	5.887293e+000	4.569107e-016	
8.126727e-017	5.887293e+000	4.784443e-016	
8.509728e-017	5.887293e+000	5.009927e-016	
8.910779e-017	5.887293e+000	5.246037e-016	
9.330732e-017	5.887293e+000	5.493275e-016	
9.770475e-017	5.887293e+000	5.752165e-016	
1.023094e-016	5.887293e+000	6.023257e-016	
1.071311e-016	5.887293e+000	6.307124e-016	
1.121801e-016	5.887293e+000	6.604369e-016	
1.174670e-016	5.887293e+000	6.915624e-016	
1.230030e-016	5.887293e+000	7.241547e-016	
1.287999e-016	5.887293e+000	7.582831e-016	
1.348701e-016	5.887293e+000	7.940199e-016	
1.412263e-016	5.887293e+000	8.314408e-016	
1.478821e-016	5.887293e+000	8.706255e-016	
1.548516e-016	5.887293e+000	9.116568e-016	
1.621495e-016	5.887293e+000	9.546218e-016	
1.697914e-016	5.887293e+000	9.996118e-016	
1.777934e-016	5.887293e+000	1.046722e-015	
1.861726e-016	5.887293e+000	1.096053e-015	
1.949466e-016	5.887293e+000	1.147708e-015	
2.041342e-016	5.887293e+000	1.201798e-015	
2.137547e-016	5.887293e+000	1.258437e-015	
2.238287e-016	5.887293e+000	1.317745e-015	
2.343774e-016	5.887293e+000	1.379848e-015	
2.454232e-016	5.887293e+000	1.444879e-015	
2.569897e-016	5.887293e+000	1.512974e-015	
2.691012e-016	5.887293e+000	1.584278e-015	
2.817836e-016	5.887293e+000	1.658943e-015	
2.950636e-016	5.887293e+000	1.737126e-015	
3.089696e-016	5.887293e+000	1.818994e-015	
3.235309e-016	5.887293e+000	1.904721e-015	
3.387784e-016	5.887293e+000	1.994488e-015	
3.547445e-016	5.887293e+000	2.088485e-015	
3.714631e-016	5.887293e+000	2.186912e-015	
3.889696e-016	5.887293e+000	2.289978e-015	
4.073012e-016	5.887293e+000	2.397902e-015	
4.264967e-016	5.887293e+000	2.510911e-015	
4.465969e-016	5.887293e+000	2.629247e-015	
4.676443e-016	5.887293e+000	2.753159e-015	
4.896838e-016	5.887293e+000	2.882912e-015	
5.127618e-016	5.887293e+000	3.018779e-015	
5.369276e-016	5.887293e+000	3.161050e-015	
5.622321e-016	5.887293e+000	3.310026e-015	
5.887294e-016	5.887293e+000	3.466022e-015	
6.164753e-016	5.887293e+000	3.629371e-015	
6.455289e-016	5.887293e+000	3.800418e-015	
6.759517e-016	5.887293e+000	3.979526e-015	
7.078084e-016	5.887293e+000	4.167075e-015	
7.411663e-016	5.887293e+000	4.363464e-015	
7.760964e-016	5.887293e+000	4.569107e-015	
8.126727e-016	5.887293e+000	4.784443e-015	
8.509728e-016	5.887293e+000	5.009927e-015	
8.910779e-016	5.887293e+000	5.246037e-015	
9.330732e-016	5.887293e+000	5.493276e-015	
9.770475e-016	5.887293e+000	5.752165e-015	
1.023094e-015	5.887293e+000	6.023257e-015	
1.071311e-015	5.887293e+000	6.307124e-015	
1.121801e-015	5.887293e+000	6.604370e-015	
1.174670e-015	5.887293e+000	6.915624e-015	
1.230030e-015	5.887293e+000	7.241547e-015	
1.287999e-015	5.887293e+000	7.582831e-015	
1.348701e-015	5.887293e+000	7.940199e-015	
1.412263e-015	5.887293e+000	8.314408e-015	
1.478821e-015	5.887293e+000	8.706255e-015	
1.548516e-015	5.887293e+000	9.116568e-015	
1.621495e-015	5.887293e+000	9.546218e-015	
1.697914e-015	5.887293e+000	9.996118e-015	
1.777934e-015	5.887293e+000	1.046722e-014	
1.861726e-015	5.887293e+000	1.096053e-014	
1.949466e-015	5.887293e+000	1.147708e-014	
2.041342e-015	5.887293e+000	1.201798e-014	
2.137547e-015	5.887293e+000	1.258437e-014	
2.238287e-015	5.887293e+000	1.317745e-014	
2.343774e-015	5.887293e+000	1.379848e-014	
2.454232e-015	5.887293e+000	1.444879e-014	
2.569897e-015	5.887293e+000	1.512974e-014	
2.691012e-015	5.887293e+000	1.584278e-014	
2.817836e-015	5.887293e+000	1.658943e-014	
2.950636e-015	5.887293e+000	1.737126e-014	
3.089696e-015	5.887293e+000	1.818994e-014	
3.235308e-015	5.887293e+000	1.904721e-014	
3.387784e-015	5.887293e+000	1.994488e-014	
3.547445e-015	5.887293e+000	2.088485e-014	
3.714631e-015	5.887293e+000	2.186912e-014	
3.889696e-015	5.887293e+000	2.289978e-014	
4.073012e-015	5.887293e+000	2.397902e-014	
4.264967e-015	5.887293e+000	2.510911e-014	
4.465969e-015	5.887293e+000	2.629247e-014	
4.676443e-015	5.887293e+000	2.753159e-014	
4.896838e-015	5.887293e+000	2.882912e-014	
5.127618e-015	5.887293e+000	3.018779e-014	
5.369275e-015	5.887293e+000	3.161050e-014	
5.622322e-015	5.887293e+000	3.310026e-014	
5.887294e-015	5.887293e+000	3.466022e-014	
6.164753e-015	5.887293e+000	3.629371e-014	
6.455289e-015	5.887293e+000	3.800418e-014	
6.759517e-015	5.887293e+000	3.979526e-014	
7.078084e-015	5.887293e+000	4.167076e-014	
7.411664e-015	5.887293e+000	4.363464e-014	
7.760965e-015	5.887293e+000	4.569108e-014	
8.126727e-015	5.887293e+000	4.784443e-014	
8.509728e-015	5.887293e+000	5.009927e-014	
8.910779e-015	5.887293e+000	5.246037e-014	
9.330731e-015	5.887293e+000	5.493275e-014	
9.770475e-015	5.887293e+000	5.752165e-014	
1.023094e-014	5.887293e+000	6.023256e-014	
1.071311e-014	5.887293e+000	6.307124e-014	
1.121801e-014	5.887293e+000	6.604370e-014	
1.174670e-014	5.887293e+000	6.915624e-014	
1.230030e-014	5.887293e+000	7.241547e-014	
1.287999e-014	5.887293e+000	7.582831e-014	
1.348701e-014	5.887293e+000	7.940198e-014	
1.412263e-014	5.887293e+000	8.314409e-014	
1.478821e-014	5.887293e+000	8.706255e-014	
1.548516e-014	5.887293e+000	9.116568e-014	
1.621495e-014	5.887293e+000	9.546219e-014	
1.697914e-014	5.887293e+000	9.996118e-014	
1.777934e-014	5.887293e+000	1.046722e-013	
1.861726e-014	5.887293e+000	1.096053e-013	
1.949466e-014	5.887293e+000	1.147708e-013	
2.041342e-014	5.887293e+000	1.201798e-013	
2.137547e-014	5.887293e+000	1.258437e-013	
2.238287e-014	5.887293e+000	1.317745e-013	
2.343774e-014	5.887293e+000	1.379848e-013	
2.454232e-014	5.887293e+000	1.444879e-013	
2.569897e-014	5.887293e+000	1.512974e-013	
2.691012e-014	5.887293e+000	1.584278e-013	
2.817836e-014	5.887293e+000	1.658943e-013	
2.950636e-014	5.887293e+000	1.737126e-013	
3.089696e-014	5.887293e+000	1.818994e-013	
3.235308e-014	5.887293e+000	1.904721e-013	
3.387784e-014	5.887293e+000	1.994488e-013	
3.547445e-014	5.887293e+000	2.088485e-013	
3.714631e-014	5.887293e+000	2.186912e-013	
3.889696e-014	5.887293e+000	2.289978e-013	
4.073012e-014	5.887293e+000	2.397902e-013	
4.264967e-014	5.887293e+000	2.510911e-013	
4.465969e-014	5.887293e+000	2.629247e-013	
4.676443e-014	5.887293e+000	2.753159e-013	
4.896837e-014	5.887293e+000	2.882912e-013	
5.127618e-014	5.887293e+000	3.018779e-013	
5.369275e-014	5.887293e+000	3.161050e-013	
5.622322e-014	5.887293e+000	3.310026e-013	
5.887294e-014	5.887293e+000	3.466022e-013	
6.164753e-014	5.887293e+000	3.629371e-013	
6.455289e-014	5.887293e+000	3.800418e-013	
6.759517e-014	5.887293e+000	3.979526e-013	
7.078084e-014	5.887293e+000	4.167076e-013	
7.411664e-014	5.887293e+000	4.363464e-013	
7.760964e-014	5.887293e+000	4.569107e-013	
8.126728e-014	5.887293e+000	4.784443e-013	
8.509728e-014	5.887293e+000	5.009927e-013	
8.910779e-014	5.887293e+000	5.246037e-013	
9.330731e-014	5.887293e+000	5.493275e-013	
9.770476e-014	5.887293e+000	5.752166e-013	
1.023094e-013	5.887293e+000	6.023257e-013	
1.071311e-013	5.887293e+000	6.307124e-013	
1.121801e-013	5.887293e+000	6.604370e-013	
1.174669e-013	5.887293e+000	6.915624e-013	
1.230030e-013	5.887293e+000	7.241547e-013	
1.288000e-013	5.887293e+000	7.582831e-013	
1.348701e-013	5.887293e+000	7.940199e-013	
1.412263e-013	5.887293e+000	8.314408e-013	
1.478821e-013	5.887293e+000	8.706255e-013	
1.548516e-013	5.887293e+000	9.116568e-013	
1.621495e-013	5.887293e+000	9.546218e-013	
1.697914e-013	5.887293e+000	9.996118e-013	
1.777934e-013	5.887293e+000	1.046722e-012	
1.861726e-013	5.887293e+000	1.096053e-012	
1.949466e-013	5.887293e+000	1.147708e-012	
2.041342e-013	5.887293e+000	1.201798e-012	
2.137547e-013	5.887293e+000	1.258437e-012	
2.238287e-013	5.887293e+000	1.317745e-012	
2.343774e-013	5.887293e+000	1.379848e-012	
2.454233e-013	5.887293e+000	1.444879e-012	
2.569897e-013	5.887293e+000	1.512974e-012	
2.691012e-013	5.887293e+000	1.584278e-012	
2.817836e-013	5.887293e+000	1.658943e-012	
2.950636e-013	5.887293e+000	1.737126e-012	
3.089696e-013	5.887293e+000	1.818994e-012	
3.235308e-013	5.887293e+000	1.904721e-012	
3.387784e-013	5.887293e+000	1.994488e-012	
3.547445e-013	5.887293e+000	2.088485e-012	
3.714631e-013	5.887293e+000	2.186912e-012	
3.889696e-013	5.887293e+000	2.289978e-012	
4.073012e-013	5.887293e+000	2.397902e-012	
4.264967e-013	5.887293e+000	2.510911e-012	
4.465969e-013	5.887293e+000	2.629247e-012	
4.676444e-013	5.887293e+000	2.753160e-012	
4.896838e-013	5.887293e+000	2.882912e-012	
5.127618e-013	5.887293e+000	3.018779e-012	
5.369275e-013	5.887293e+000	3.161050e-012	
5.622322e-013	5.887293e+000	3.310026e-012	
5.887294e-013	5.887293e+000	3.466022e-012	
6.164753e-013	5.887293e+000	3.629371e-012	
6.455289e-013	5.887293e+000	3.800418e-012	
6.759518e-013	5.887293e+000	3.979526e-012	
7.078084e-013	5.887293e+000	4.167076e-012	
7.411664e-013	5.887293e+000	4.363464e-012	
7.760964e-013	5.887293e+000	4.569107e-012	
8.126727e-013	5.887293e+000	4.784443e-012	
8.509728e-013	5.887293e+000	5.009927e-012	
8.910780e-013	5.887293e+000	5.246037e-012	
9.330732e-013	5.887293e+000	5.493275e-012	
9.770475e-013	5.887293e+000	5.752166e-012	
1.023094e-012	5.887293e+000	6.023257e-012	
1.071311e-012	5.887293e+000	6.307124e-012	
1.121801e-012	5.887293e+000	6.604370e-012	
1.174670e-012	5.887293e+000	6.915624e-012	
1.230030e-012	5.887293e+000	7.241547e-012	
1.288000e-012	5.887293e+000	7.582831e-012	
1.348701e-012	5.887293e+000	7.940198e-012	
1.412263e-012	5.887293e+000	8.314408e-012	
1.478821e-012	5.887293e+000	8.706255e-012	
1.548516e-012	5.887293e+000	9.116568e-012	
1.621495e-012	5.887293e+000	9.546218e-012	
1.697914e-012	5.887293e+000	9.996118e-012	
1.777934e-012	5.887293e+000	1.046722e-011	
1.861726e-012	5.887293e+000	1.096052e-011	
1.949466e-012	5.887293e+000	1.147708e-011	
2.041342e-012	5.887293e+000	1.201798e-011	
2.137547e-012	5.887293e+000	1.258437e-011	
2.238287e-012	5.887293e+000	1.317745e-011	
2.343774e-012	5.887293e+000	1.379848e-011	
2.454232e-012	5.887293e+000	1.444879e-011	
2.569897e-012	5.887293e+000	1.512974e-011	
2.691012e-012	5.887293e+000	1.584278e-011	
2.817836e-012	5.887293e+000	1.658943e-011	
2.950636e-012	5.887293e+000	1.737126e-011	
3.089696e-012	5.887293e+000	1.818994e-011	
3.235309e-012	5.887293e+000	1.904721e-011	
3.387784e-012	5.887293e+000	1.994488e-011	
3.547445e-012	5.887293e+000	2.088485e-011	
3.714631e-012	5.887293e+000	2.186912e-011	
3.889696e-012	5.887293e+000	2.289978e-011	
4.073012e-012	5.887293e+000	2.397902e-011	
4.264967e-012	5.887293e+000	2.510911e-011	
4.465969e-012	5.887293e+000	2.629247e-011	
4.676444e-012	5.887293e+000	2.753160e-011	
4.896838e-012	5.887293e+000	2.882912e-011	
5.127618e-012	5.887293e+000	3.018779e-011	
5.369275e-012	5.887293e+000	3.161050e-011	
5.622322e-012	5.887293e+000	3.310026e-011	
5.887294e-012	5.887293e+000	3.466022e-011	
6.164753e-012	5.887293e+000	3.629371e-011	
6.455289e-012	5.887293e+000	3.800418e-011	
6.759517e-012	5.887293e+000	3.979526e-011	
7.078084e-012	5.887293e+000	4.167076e-011	
7.411663e-012	5.887293e+000	4.363464e-011	
7.760965e-012	5.887293e+000	4.569108e-011	
8.126728e-012	5.887293e+000	4.784443e-011	
8.509729e-012	5.887293e+000	5.009927e-011	
8.910779e-012	5.887293e+000	5.246037e-011	
9.330731e-012	5.887293e+000	5.493275e-011	
9.770475e-012	5.887293e+000	5.752165e-011	
1.023094e-011	5.887293e+000	6.023257e-011	
1.071311e-011	5.887293e+000	6.307124e-011	
1.121801e-011	5.887293e+000	6.604370e-011	
1.174669e-011	5.887293e+000	6.915624e-011	
1.230030e-011	5.887293e+000	7.241547e-011	
1.287999e-011	5.887293e+000	7.582831e-011	
1.348701e-011	5.887293e+000	7.940198e-011	
1.412263e-011	5.887293e+000	8.314409e-011	
1.478821e-011	5.887293e+000	8.706254e-011	
1.548516e-011	5.887293e+000	9.116568e-011	
1.621495e-011	5.887293e+000	9.546218e-011	
1.697914e-011	5.887293e+000	9.996118e-011	
1.777934e-011	5.887293e+000	1.046722e-010	
1.861726e-011	5.887293e+000	1.096053e-010	
1.949466e-011	5.887293e+000	1.147708e-010	
2.041342e-011	5.887293e+000	1.201798e-010	
2.137547e-011	5.887293e+000	1.258437e-010	
2.238287e-011	5.887293e+000	1.317745e-010	
2.343774e-011	5.887293e+000	1.379848e-010	
2.454232e-011	5.887293e+000	1.444879e-010	
2.569897e-011	5.887293e+000	1.512974e-010	
2.691012e-011	5.887293e+000	1.584278e-010	
2.817836e-011	5.887293e+000	1.658943e-010	
2.950636e-011	5.887293e+000	1.737126e-010	
3.089696e-011	5.887293e+000	1.818994e-010	
3.235309e-011	5.887293e+000	1.904721e-010	
3.387784e-011	5.887293e+000	1.994488e-010	
3.547445e-011	5.887293e+000	2.088485e-010	
3.714631e-011	5.887293e+000	2.186912e-010	
3.889696e-011	5.887293e+000	2.289978e-010	
4.073012e-011	5.887293e+000	2.397902e-010	
4.264967e-011	5.887293e+000	2.510911e-010	
4.465969e-011	5.887293e+000	2.629247e-010	
4.676444e-011	5.887293e+000	2.753160e-010	
4.896837e-011	5.887293e+000	2.882912e-010	
5.127618e-011	5.887293e+000	3.018779e-010	
5.369276e-011	5.887293e+000	3.161050e-010	
5.622322e-011	5.887293e+000	3.310026e-010	
5.887293e-011	5.887293e+000	3.466022e-010	
6.164753e-011	5.887293e+000	3.629371e-010	
6.455289e-011	5.887293e+000	3.800418e-010	
6.759517e-011	5.887293e+000	3.979526e-010	
7.078084e-011	5.887293e+000	4.167076e-010	
7.411664e-011	5.887293e+000	4.363464e-010	
7.760964e-011	5.887293e+000	4.569107e-010	
8.126727e-011	5.887293e+000	4.784443e-010	
8.509728e-011	5.887293e+000	5.009927e-010	
8.910779e-011	5.887293e+000	5.246037e-010	
9.330731e-011	5.887293e+000	5.493275e-010	
9.770475e-011	5.887293e+000	5.752165e-010	
1.023094e-010	5.887293e+000	6.023257e-010	
1.071311e-010	5.887293e+000	6.307124e-010	
1.121801e-010	5.887293e+000	6.604369e-010	
1.174670e-010	5.887293e+000	6.915624e-010	
1.230030e-010	5.887293e+000	7.241547e-010	
1.287999e-010	5.887293e+000	7.582830e-010	
1.348701e-010	5.887293e+000	7.940198e-010	
1.412263e-010	5.887293e+000	8.314409e-010	
1.478821e-010	5.887293e+000	8.706254e-010	
1.548516e-010	5.887293e+000	9.116568e-010	
1.621495e-010	5.887293e+000	9.546218e-010	
1.697914e-010	5.887293e+000	9.996118e-010	
1.777934e-010	5.887293e+000	1.046722e-009	
1.861726e-010	5.887293e+000	1.096052e-009	
1.949466e-010	5.887293e+000	1.147708e-009	
2.041342e-010	5.887293e+000	1.201798e-009	
2.137547e-010	5.887293e+000	1.258437e-009	
2.238287e-010	5.887293e+000	1.317745e-009	
2.343774e-010	5.887293e+000	1.379848e-009	
2.454232e-010	5.887293e+000	1.444879e-009	
2.569897e-010	5.887293e+000	1.512974e-009	
2.691012e-010	5.887293e+000	1.584278e-009	
2.817836e-010	5.887293e+000	1.658943e-009	
2.950636e-010	5.887293e+000	1.737126e-009	
3.089696e-010	5.887293e+000	1.818995e-009	
3.235308e-010	5.887293e+000	1.904721e-009	
3.387784e-010	5.887293e+000	1.994488e-009	
3.547445e-010	5.887293e+000	2.088485e-009	
3.714631e-010	5.887293e+000	2.186912e-009	
3.889696e-010	5.887293e+000	2.289978e-009	
4.073012e-010	5.887293e+000	2.397902e-009	
4.264967e-010	5.887293e+000	2.510911e-009	
4.465969e-010	5.887293e+000	2.629247e-009	
4.676444e-010	5.887293e+000	2.753160e-009	
4.896837e-010	5.887293e+000	2.882912e-009	
5.127618e-010	5.887293e+000	3.018779e-009	
5.369276e-010	5.887293e+000	3.161050e-009	
5.622321e-010	5.887293e+000	3.310026e-009	
5.887293e-010	5.887293e+000	3.466022e-009	
6.164753e-010	5.887293e+000	3.629371e-009	
6.455289e-010	5.887293e+000	3.800418e-009	
6.759517e-010	5.887293e+000	3.979526e-009	
7.078084e-010	5.887293e+000	4.167075e-009	
7.411664e-010	5.887293e+000	4.363464e-009	
7.760965e-010	5.887293e+000	4.569108e-009	
8.126728e-010	5.887293e+000	4.784443e-009	
8.509728e-010	5.887293e+000	5.009927e-009	
8.910779e-010	5.887293e+000	5.246037e-009	
9.330732e-010	5.887293e+000	5.493275e-009	
9.770476e-010	5.887293e+000	5.752166e-009	
1.023094e-009	5.887293e+000	6.023257e-009	
1.071311e-009	5.887293e+000	6.307124e-009	
1.121801e-009	5.887293e+000	6.604370e-009	
1.174669e-009	5.887293e+000	6.915624e-009	
1.230030e-009	5.887293e+000	7.241547e-009	
1.287999e-009	5.887293e+000	7.582831e-009	
1.348701e-009	5.887293e+000	7.940199e-009	
1.412263e-009	5.887293e+000	8.314408e-009	
1.478821e-009	5.887293e+000	8.706255e-009	
1.548516e-009	5.887293e+000	9.116568e-009	
1.621495e-009	5.887293e+000	9.546218e-009	
1.697914e-009	5.887293e+000	9.996118e-009	
1.777934e-009	5.887293e+000	1.046722e-008	
1.861726e-009	5.887293e+000	1.096053e-008	
1.949466e-009	5.887293e+000	1.147708e-008	
2.041342e-009	5.887293e+000	1.201798e-008	
2.137547e-009	5.887293e+000	1.258437e-008	
2.238287e-009	5.887293e+000	1.317745e-008	
2.343774e-009	5.887293e+000	1.379848e-008	
2.454232e-009	5.887293e+000	1.444879e-008	
2.569897e-009	5.887293e+000	1.512974e-008	
2.691012e-009	5.887293e+000	1.584278e-008	
2.817836e-009	5.887293e+000	1.658943e-008	
2.950636e-009	5.887293e+000	1.737126e-008	
3.089696e-009	5.887293e+000	1.818994e-008	
3.235308e-009	5.887293e+000	1.904721e-008	
3.387784e-009	5.887293e+000	1.994488e-008	
3.547445e-009	5.887293e+000	2.088485e-008	
3.714631e-009	5.887293e+000	2.186912e-008	
3.889696e-009	5.887293e+000	2.289978e-008	
4.073012e-009	5.887293e+000	2.397902e-008	
4.264967e-009	5.887293e+000	2.510911e-008	
4.465969e-009	5.887293e+000	2.629247e-008	
4.676444e-009	5.887293e+000	2.753160e-008	
4.896838e-009	5.887293e+000	2.882912e-008	
5.127618e-009	5.887293e+000	3.018779e-008	
5.369276e-009	5.887293e+000	3.161050e-008	
5.622322e-009	5.887293e+000	3.310026e-008	
5.887294e-009	5.887293e+000	3.466023e-008	
6.164753e-009	5.887293e+000	3.629371e-008	
6.455289e-009	5.887293e+000	3.800418e-008	
6.759517e-009	5.887293e+000	3.979526e-008	
7.078083e-009	5.887293e+000	4.167075e-008	
7.411663e-009	5.887293e+000	4.363464e-008	
7.760964e-009	5.887293e+000	4.569107e-008	
8.126728e-009	5.887293e+000	4.784443e-008	
8.509728e-009	5.887293e+000	5.009927e-008	
8.910780e-009	5.887293e+000	5.246037e-008	
9.330732e-009	5.887293e+000	5.493275e-008	
9.770475e-009	5.887293e+000	5.752165e-008	
1.023094e-008	5.887293e+000	6.023256e-008	
1.071311e-008	5.887293e+000	6.307124e-008	
1.121801e-008	5.887293e+000	6.604370e-008	
1.174670e-008	5.887293e+000	6.915624e-008	
1.230030e-008	5.887293e+000	7.241547e-008	
1.287999e-008	5.887293e+000	7.582831e-008	
1.348701e-008	5.887293e+000	7.940199e-008	
1.412263e-008	5.887293e+000	8.314409e-008	
1.478821e-008	5.887293e+000	8.706254e-008	
1.548516e-008	5.887293e+000	9.116568e-008	
1.621495e-008	5.887293e+000	9.546218e-008	
1.697914e-008	5.887293e+000	9.996118e-008	
1.777934e-008	5.887293e+000	1.046722e-007	
1.861726e-008	5.887293e+000	1.096053e-007	
1.949466e-008	5.887293e+000	1.147708e-007	
2.041342e-008	5.887293e+000	1.201798e-007	
2.137547e-008	5.887293e+000	1.258437e-007	
2.238287e-008	5.887293e+000	1.317745e-007	
2.343774e-008	5.887293e+000	1.379848e-007	
2.454232e-008	5.887293e+000	1.444879e-007	
2.569897e-008	5.887293e+000	1.512974e-007	
2.691012e-008	5.887293e+000	1.584278e-007	
2.817836e-008	5.887293e+000	1.658943e-007	
2.950636e-008	5.887293e+000	1.737126e-007	
3.089696e-008	5.887293e+000	1.818994e-007	
3.235309e-008	5.887293e+000	1.904721e-007	
3.387784e-008	5.887293e+000	1.994488e-007	
3.547445e-008	5.887293e+000	2.088485e-007	
3.714631e-008	5.887293e+000	2.186912e-007	
3.889696e-008	5.887293e+000	2.289978e-007	
4.073012e-008	5.887293e+000	2.397902e-007	
4.264967e-008	5.887293e+000	2.510911e-007	
4.465969e-008	5.887293e+000	2.629247e-007	
4.676443e-008	5.887293e+000	2.753159e-007	
4.896837e-008	5.887293e+000	2.882912e-007	
5.127619e-008	5.887293e+000	3.018779e-007	
5.369276e-008	5.887293e+000	3.161050e-007	
5.622322e-008	5.887293e+000	3.310026e-007	
5.887293e-008	5.887293e+000	3.466022e-007	
6.164753e-008	5.887293e+000	3.629371e-007	
6.455289e-008	5.887293e+000	3.800418e-007	
6.759517e-008	5.887293e+000	3.979526e-007	
7.078084e-008	5.887293e+000	4.167075e-007	
7.411663e-008	5.887293e+000	4.363464e-007	
7.760964e-008	5.887293e+000	4.569107e-007	
8.126727e-008	5.887293e+000	4.784443e-007	
8.509728e-008	5.887293e+000	5.009927e-007	
8.910779e-008	5.887293e+000	5.246037e-007	
9.330731e-008	5.887293e+000	5.493275e-007	
9.770476e-008	5.887293e+000	5.752166e-007	
1.023094e-007	5.887293e+000	6.023257e-007	
1.071311e-007	5.887293e+000	6.307124e-007	
1.121801e-007	5.887293e+000	6.604370e-007	
1.174669e-007	5.887293e+000	6.915624e-007	
1.230030e-007	5.887293e+000	7.241547e-007	
1.288000e-007	5.887293e+000	7.582831e-007	
1.348701e-007	5.887293e+000	7.940199e-007	
1.412263e-007	5.887293e+000	8.314409e-007	
1.478821e-007	5.887293e+000	8.706255e-007	
1.548516e-007	5.887293e+000	9.116568e-007	
1.621495e-007	5.887293e+000	9.546219e-007	
1.697914e-007	5.887293e+000	9.996118e-007	
1.777934e-007	5.887293e+000	1.046722e-006	
1.861726e-007	5.887293e+000	1.096053e-006	
1.949466e-007	5.887293e+000	1.147708e-006	
2.041342e-007	5.887293e+000	1.201798e-006	
2.137547e-007	5.887293e+000	1.258437e-006	
2.238287e-007	5.887293e+000	1.317745e-006	
2.343774e-007	5.887293e+000	1.379848e-006	
2.454233e-007	5.887293e+000	1.444879e-006	
2.569897e-007	5.887293e+000	1.512974e-006	
2.691012e-007	5.887293e+000	1.584278e-006	
2.817836e-007	5.887293e+000	1.658943e-006	
2.950636e-007	5.887293e+000	1.737126e-006	
3.089696e-007	5.887293e+000	1.818994e-006	
3.235309e-007	5.887293e+000	1.904721e-006	
3.387784e-007	5.887293e+000	1.994488e-006	
3.547445e-007	5.887293e+000	2.088485e-006	
3.714631e-007	5.887293e+000	2.186912e-006	
3.889696e-007	5.887293e+000	2.289978e-006	
4.073012e-007	5.887293e+000	2.397902e-006	
4.264967e-007	5.887293e+000	2.510911e-006	
4.465969e-007	5.887293e+000	2.629247e-006	
4.676444e-007	5.887293e+000	2.753159e-006	
4.896838e-007	5.887293e+000	2.882912e-006	
5.127619e-007	5.887293e+000	3.018779e-006	
5.369275e-007	5.887293e+000	3.161050e-006	
5.622322e-007	5.887293e+000	3.310026e-006	
5.887293e-007	5.887293e+000	3.466022e-006	
6.164753e-007	5.887293e+000	3.629371e-006	
6.455289e-007	5.887293e+000	3.800418e-006	
6.759518e-007	5.887293e+000	3.979526e-006	
7.078083e-007	5.887293e+000	4.167075e-006	
7.411663e-007	5.887293e+000	4.363464e-006	
7.760964e-007	5.887293e+000	4.569107e-006	
8.126727e-007	5.887293e+000	4.784443e-006	
8.509728e-007	5.887293e+000	5.009927e-006	
8.910779e-007	5.887293e+000	5.246037e-006	
9.330731e-007	5.887293e+000	5.493275e-006	
9.770475e-007	5.887293e+000	5.752165e-006	
1.023094e-006	5.887293e+000	6.023257e-006	
1.071311e-006	5.887293e+000	6.307124e-006	
1.121801e-006	5.887293e+000	6.604370e-006	
1.174669e-006	5.887293e+000	6.915624e-006	
1.230030e-006	5.887293e+000	7.241547e-006	
1.287999e-006	5.887293e+000	7.582831e-006	
1.348701e-006	5.887293e+000	7.940199e-006	
1.412263e-006	5.887293e+000	8.314409e-006	
1.478821e-006	5.887293e+000	8.706255e-006	
1.548516e-006	5.887293e+000	9.116568e-006	
1.621495e-006	5.887293e+000	9.546218e-006	
1.697914e-006	5.887293e+000	9.996118e-006	
1.777934e-006	5.887293e+000	1.046722e-005	
1.861726e-006	5.887293e+000	1.096053e-005	
1.949466e-006	5.887293e+000	1.147708e-005	
2.041342e-006	5.887293e+000	1.201798e-005	
2.137547e-006	5.887293e+000	1.258437e-005	
2.238287e-006	5.887293e+000	1.317745e-005	
2.343774e-006	5.887293e+000	1.379848e-005	
2.454232e-006	5.887293e+000	1.444879e-005	
2.569897e-006	5.887293e+000	1.512974e-005	
2.691012e-006	5.887293e+000	1.584278e-005	
2.817836e-006	5.887293e+000	1.658943e-005	
2.950636e-006	5.887293e+000	1.737126e-005	
3.089696e-006	5.887293e+000	1.818994e-005	
3.235308e-006	5.887293e+000	1.904721e-005	
3.387784e-006	5.887293e+000	1.994488e-005	
3.547445e-006	5.887293e+000	2.088485e-005	
3.714631e-006	5.887293e+000	2.186912e-005	
3.889696e-006	5.887293e+000	2.289978e-005	
4.073012e-006	5.887293e+000	2.397902e-005	
4.264967e-006	5.887293e+000	2.510911e-005	
4.465969e-006	5.887293e+000	2.629247e-005	
4.676443e-006	5.887293e+000	2.753159e-005	
4.896838e-006	5.887293e+000	2.882912e-005	
5.127618e-006	5.887293e+000	3.018779e-005	
5.369276e-006	5.887293e+000	3.161050e-005	
5.622322e-006	5.887293e+000	3.310026e-005	
5.887293e-006	5.887293e+000	3.466022e-005	
6.164753e-006	5.887293e+000	3.629371e-005	
6.455289e-006	5.887293e+000	3.800418e-005	
6.759517e-006	5.887293e+000	3.979526e-005	
7.078084e-006	5.887293e+000	4.167076e-005	
7.411663e-006	5.887293e+000	4.363464e-005	
7.760965e-006	5.887293e+000	4.569108e-005	
8.126727e-006	5.887293e+000	4.784443e-005	
8.509728e-006	5.887293e+000	5.009927e-005	
8.910780e-006	5.887293e+000	5.246037e-005	
9.330732e-006	5.887293e+000	5.493275e-005	
9.770475e-006	5.887293e+000	5.752165e-005	
1.023094e-005	5.887293e+000	6.023256e-005	
1.071311e-005	5.887293e+000	6.307124e-005	
1.121801e-005	5.887293e+000	6.604370e-005	
1.174670e-005	5.887293e+000	6.915624e-005	
1.230030e-005	5.887293e+000	7.241547e-005	
1.287999e-005	5.887293e+000	7.582831e-005	
1.348701e-005	5.887293e+000	7.940199e-005	
1.412263e-005	5.887293e+000	8.314409e-005	
1.478821e-005	5.887293e+000	8.706255e-005	
1.548516e-005	5.887293e+000	9.116568e-005	
1.621495e-005	5.887293e+000	9.546219e-005	
1.697914e-005	5.887293e+000	9.996118e-005	
1.777934e-005	5.887293e+000	1.046722e-004	
1.861726e-005	5.887293e+000	1.096053e-004	
1.949466e-005	5.887293e+000	1.147708e-004	
2.041342e-005	5.887293e+000	1.201798e-004	
2.137547e-005	5.887293e+000	1.258437e-004	
2.238287e-005	5.887293e+000	1.317745e-004	
2.343774e-005	5.887293e+000	1.379848e-004	
2.454233e-005	5.887293e+000	1.444879e-004	
2.569897e-005	5.887293e+000	1.512974e-004	
2.691012e-005	5.887293e+000	1.584278e-004	
2.817836e-005	5.887293e+000	1.658943e-004	
2.950636e-005	5.887293e+000	1.737126e-004	
3.089696e-005	5.887293e+000	1.818995e-004	
3.235308e-005	5.887293e+000	1.904721e-004	
3.387784e-005	5.887293e+000	1.994488e-004	
3.547445e-005	5.887293e+000	2.088485e-004	
3.714631e-005	5.887293e+000	2.186912e-004	
3.889696e-005	5.887293e+000	2.289978e-004	
4.073012e-005	5.887293e+000	2.397902e-004	
4.264967e-005	5.887293e+000	2.510911e-004	
4.465969e-005	5.887293e+000	2.629247e-004	
4.676443e-005	5.887293e+000	2.753159e-004	
4.896837e-005	5.887293e+000	2.882912e-004	
5.127618e-005	5.887293e+000	3.018779e-004	
5.369275e-005	5.887293e+000	3.161050e-004	
5.622322e-005	5.887293e+000	3.310026e-004	
5.887293e-005	5.887293e+000	3.466022e-004	
6.164753e-005	5.887293e+000	3.629371e-004	
6.455289e-005	5.887293e+000	3.800418e-004	
6.759517e-005	5.887293e+000	3.979526e-004	
7.078084e-005	5.887293e+000	4.167075e-004	
7.411664e-005	5.887293e+000	4.363464e-004	
7.760964e-005	5.887293e+000	4.569107e-004	
8.126727e-005	5.887293e+000	4.784443e-004	
8.509728e-005	5.887293e+000	5.009926e-004	
8.910779e-005	5.887293e+000	5.246037e-004	
9.330732e-005	5.887293e+000	5.493275e-004	
9.770475e-005	5.887293e+000	5.752165e-004	
1.023094e-004	5.887293e+000	6.023257e-004	
1.071311e-004	5.887293e+000	6.307124e-004	
1.121801e-004	5.887293e+000	6.604370e-004	
1.174670e-004	5.887293e+000	6.915624e-004	
1.230030e-004	5.887293e+000	7.241548e-004	
1.287999e-004	5.887293e+000	7.582831e-004	
1.348701e-004	5.887293e+000	7.940199e-004	
1.412263e-004	5.887293e+000	8.314409e-004	
1.478821e-004	5.887293e+000	8.706254e-004	
1.548516e-004	5.887293e+000	9.116568e-004	
1.621495e-004	5.887293e+000	9.546219e-004	
1.697914e-004	5.887293e+000	9.996118e-004	
1.777934e-004	5.887293e+000	1.046722e-003	
1.861726e-004	5.887293e+000	1.096053e-003	
1.949466e-004	5.887293e+000	1.147708e-003	
2.041342e-004	5.887293e+000	1.201798e-003	
2.137547e-004	5.887293e+000	1.258437e-003	
2.238287e-004	5.887293e+000	1.317745e-003	
2.343774e-004	5.887293e+000	1.379848e-003	
2.454232e-004	5.887293e+000	1.444879e-003	
2.569897e-004	5.887293e+000	1.512974e-003	
2.691012e-004	5.887293e+000	1.584278e-003	
2.817836e-004	5.887293e+000	1.658943e-003	
2.950636e-004	5.887293e+000	1.737126e-003	
3.089696e-004	5.887293e+000	1.818994e-003	
3.235308e-004	5.887293e+000	1.904721e-003	
3.387784e-004	5.887293e+000	1.994488e-003	
3.547445e-004	5.887293e+000	2.088485e-003	
3.714631e-004	5.887293e+000	2.186912e-003	
3.889696e-004	5.887293e+000	2.289978e-003	
4.073012e-004	5.887293e+000	2.397902e-003	
4.264967e-004	5.887293e+000	2.510911e-003	
4.465969e-004	5.887293e+000	2.629247e-003	
4.676444e-004	5.887293e+000	2.753160e-003	
4.896838e-004	5.887293e+000	2.882912e-003	
5.127618e-004	5.887293e+000	3.018779e-003	
5.369275e-004	5.887293e+000	3.161050e-003	
5.622322e-004	5.887293e+000	3.310026e-003	
5.887293e-004	5.887293e+000	3.466022e-003	
6.164753e-004	5.887293e+000	3.629371e-003	
6.455289e-004	5.887293e+000	3.800418e-003	
6.759518e-004	5.887293e+000	3.979526e-003	
7.078084e-004	5.887293e+000	4.167075e-003	
7.411664e-004	5.887293e+000	4.363464e-003	
7.760964e-004	5.887293e+000	4.569107e-003	
8.126727e-004	5.887293e+000	4.784443e-003	
8.509728e-004	5.887293e+000	5.009927e-003	
8.910779e-004	5.887293e+000	5.246037e-003	
9.330732e-004	5.887293e+000	5.493275e-003	
9.770475e-004	5.887293e+000	5.752165e-003	
1.023094e-003	5.887293e+000	6.023257e-003	
1.071311e-003	5.887293e+000	6.307124e-003	
1.121801e-003	5.887293e+000	6.604369e-003	
1.174669e-003	5.887293e+000	6.915624e-003	
1.230030e-003	5.887293e+000	7.241547e-003	
1.287999e-003	5.887293e+000	7.582831e-003	
1.348701e-003	5.887293e+000	7.940199e-003	
1.412263e-003	5.887293e+000	8.314409e-003	
1.478821e-003	5.887293e+000	8.706255e-003	
1.548516e-003	5.887293e+000	9.116568e-003	
1.621495e-003	5.887293e+000	9.546218e-003	
1.697914e-003	5.887293e+000	9.996118e-003	
1.777934e-003	5.887293e+000	1.046722e-002	
1.861726e-003	5.887293e+000	1.096053e-002	
1.949466e-003	5.887293e+000	1.147708e-002	
2.041342e-003	5.887293e+000	1.201798e-002	
2.137547e-003	5.887293e+000	1.258437e-002	
2.238287e-003	5.887293e+000	1.317745e-002	
2.343774e-003	5.887293e+000	1.379848e-002	
2.454232e-003	5.887293e+000	1.444879e-002	
2.569897e-003	5.887293e+000	1.512974e-002	
2.691012e-003	5.887293e+000	1.584278e-002	
2.817836e-003	5.887293e+000	1.658943e-002	
2.950636e-003	5.887293e+000	1.737126e-002	
3.089695e-003	5.887293e+000	1.818994e-002	
3.235308e-003	5.887293e+000	1.904721e-002	
3.387784e-003	5.887293e+000	1.994488e-002	
3.547445e-003	5.887293e+000	2.088485e-002	
3.714631e-003	5.887293e+000	2.186912e-002	
3.889696e-003	5.887293e+000	2.289978e-002	
4.073012e-003	5.887293e+000	2.397902e-002	
4.264967e-003	5.887293e+000	2.510911e-002	
4.465969e-003	5.887293e+000	2.629247e-002	
4.676444e-003	5.887293e+000	2.753159e-002	
4.896837e-003	5.887293e+000	2.882912e-002	
5.127618e-003	5.887293e+000	3.018779e-002	
5.369275e-003	5.887293e+000	3.161050e-002	
5.622322e-003	5.887293e+000	3.310026e-002	
5.887294e-003	5.887293e+000	3.466023e-002	
6.164753e-003	5.887293e+000	3.629371e-002	
6.455289e-003	5.887293e+000	3.800418e-002	
6.759517e-003	5.887293e+000	3.979526e-002	
7.078084e-003	5.887293e+000	4.167076e-002	
7.411663e-003	5.887293e+000	4.363464e-002	
7.760964e-003	5.887293e+000	4.569107e-002	
8.126727e-003	5.887293e+000	4.784443e-002	
8.509728e-003	5.887293e+000	5.009927e-002	
8.910779e-003	5.887293e+000	5.246037e-002	
9.330731e-003	5.887293e+000	5.493275e-002	
9.770475e-003	5.887293e+000	5.752165e-002	
1.023094e-002	5.887293e+000	6.023257e-002	
1.071311e-002	5.887293e+000	6.307124e-002	
1.121801e-002	5.887293e+000	6.604370e-002	
1.174669e-002	5.887293e+000	6.915624e-002	
1.230030e-002	5.887293e+000	7.241547e-002	
1.287999e-002	5.887293e+000	7.582831e-002	
1.348701e-002	5.887293e+000	7.940199e-002	
1.412263e-002	5.887293e+000	8.314408e-002	
1.478821e-002	5.887293e+000	8.706254e-002	
1.548516e-002	5.887293e+000	9.116567e-002	
1.621495e-002	5.887293e+000	9.546218e-002	
1.697914e-002	5.887293e+000	9.996117e-002	
1.777934e-002	5.887293e+000	1.046722e-001	
1.861726e-002	5.887293e+000	1.096052e-001	
1.949466e-002	5.887293e+000	1.147708e-001	
2.041342e-002	5.887293e+000	1.201798e-001	
2.137547e-002	5.887293e+000	1.258437e-001	
2.238286e-002	5.887293e+000	1.317745e-001	
2.343774e-002	5.887293e+000	1.379848e-001	
2.454232e-002	5.887293e+000	1.444879e-001	
2.569897e-002	5.887293e+000	1.512974e-001	
2.691012e-002	5.887293e+000	1.584278e-001	
2.817836e-002	5.887293e+000	1.658943e-001	
2.950636e-002	5.887293e+000	1.737126e-001	
3.089695e-002	5.887293e+000	1.818994e-001	
3.235308e-002	5.887293e+000	1.904721e-001	
3.387783e-002	5.887293e+000	1.994488e-001	
3.547445e-002	5.887293e+000	2.088485e-001	
3.714631e-002	5.887293e+000	2.186912e-001	
3.889696e-002	5.887293e+000	2.289978e-001	
4.073012e-002	5.887293e+000	2.397901e-001	
4.264967e-002	5.887293e+000	2.510911e-001	
4.465969e-002	5.887293e+000	2.629246e-001	
4.676443e-002	5.887293e+000	2.753159e-001	
4.896837e-002	5.887293e+000	2.882911e-001	
5.127618e-002	5.887293e+000	3.018779e-001	
5.369275e-002	5.887293e+000	3.161049e-001	
5.622321e-002	5.887293e+000	3.310025e-001	
5.887293e-002	5.887293e+000	3.466022e-001	
6.164752e-002	5.887293e+000	3.629370e-001	
6.455288e-002	5.887293e+000	3.800417e-001	
6.759516e-002	5.887293e+000	3.979525e-001	
7.078083e-002	5.887293e+000	4.167075e-001	
7.411662e-002	5.887293e+000	4.363463e-001	
7.760963e-002	5.887292e+000	4.569106e-001	
8.126726e-002	5.887292e+000	4.784441e-001	
8.509727e-002	5.887292e+000	5.009925e-001	
8.910777e-002	5.887292e+000	5.246035e-001	
9.330729e-002	5.887292e+000	5.493273e-001	
9.770473e-002	5.887292e+000	5.752163e-001	
1.023094e-001	5.887292e+000	6.023254e-001	
1.071311e-001	5.887292e+000	6.307122e-001	
1.121800e-001	5.887292e+000	6.604367e-001	
1.174669e-001	5.887292e+000	6.915620e-001	
1.230030e-001	5.887292e+000	7.241544e-001	
1.287999e-001	5.887292e+000	7.582827e-001	
1.348701e-001	5.887292e+000	7.940195e-001	
1.412263e-001	5.887292e+000	8.314404e-001	
1.478821e-001	5.887292e+000	8.706250e-001	
1.548516e-001	5.887292e+000	9.116563e-001	
1.621495e-001	5.887291e+000	9.546212e-001	
1.697913e-001	5.887291e+000	9.996111e-001	
1.777934e-001	5.887291e+000	1.046721e+000	
1.861725e-001	5.887291e+000	1.096052e+000	
1.949465e-001	5.887291e+000	1.147707e+000	
2.041341e-001	5.887291e+000	1.201797e+000	
2.137546e-001	5.887291e+000	1.258436e+000	
2.238286e-001	5.887291e+000	1.317744e+000	
2.343773e-001	5.887290e+000	1.379847e+000	
2.454231e-001	5.887290e+000	1.444877e+000	
2.569895e-001	5.887290e+000	1.512972e+000	
2.691011e-001	5.887290e+000	1.584276e+000	
2.817834e-001	5.887290e+000	1.658941e+000	
2.950635e-001	5.887290e+000	1.737124e+000	
3.089693e-001	5.887290e+000	1.818992e+000	
3.235306e-001	5.887290e+000	1.904718e+000	
3.387781e-001	5.887290e+000	1.994485e+000	
3.547443e-001	5.887289e+000	2.088482e+000	
3.714628e-001	5.887289e+000	2.186909e+000	
3.889693e-001	5.887289e+000	2.289975e+000	
4.073009e-001	5.887289e+000	2.397898e+000	
4.264963e-001	5.887289e+000	2.510907e+000	
4.465965e-001	5.887288e+000	2.629242e+000	
4.676439e-001	5.887288e+000	2.753154e+000	
4.896832e-001	5.887288e+000	2.882906e+000	
5.127613e-001	5.887287e+000	3.018773e+000	
5.369270e-001	5.887287e+000	3.161043e+000	
5.622315e-001	5.887287e+000	3.310018e+000	
5.887287e-001	5.887286e+000	3.466014e+000	
6.164745e-001	5.887286e+000	3.629362e+000	
6.455280e-001	5.887286e+000	3.800408e+000	
6.759508e-001	5.887285e+000	3.979515e+000	
7.078073e-001	5.887285e+000	4.167063e+000	
7.411652e-001	5.887285e+000	4.363451e+000	
7.760952e-001	5.887284e+000	4.569093e+000	
8.126714e-001	5.887284e+000	4.784427e+000	
8.509713e-001	5.887283e+000	5.009909e+000	
8.910763e-001	5.887283e+000	5.246018e+000	
9.330714e-001	5.887282e+000	5.493255e+000	
9.770455e-001	5.887281e+000	5.752142e+000	
1.023092e+000	5.887281e+000	6.023231e+000	
1.071309e+000	5.887280e+000	6.307096e+000	
1.121798e+000	5.887280e+000	6.604339e+000	
1.174667e+000	5.887279e+000	6.915590e+000	
1.230027e+000	5.887279e+000	7.241511e+000	
1.287996e+000	5.887278e+000	7.582791e+000	
1.348697e+000	5.887277e+000	7.940155e+000	
1.412259e+000	5.887276e+000	8.314360e+000	
1.478817e+000	5.887276e+000	8.706202e+000	
1.548511e+000	5.887275e+000	9.116510e+000	
1.621490e+000	5.887274e+000	9.546155e+000	
1.697908e+000	5.887273e+000	9.996048e+000	
1.777928e+000	5.887272e+000	1.046714e+001	
1.861719e+000	5.887271e+000	1.096044e+001	
1.949458e+000	5.887270e+000	1.147699e+001	
2.041333e+000	5.887269e+000	1.201788e+001	
2.137538e+000	5.887268e+000	1.258426e+001	
2.238276e+000	5.887266e+000	1.317733e+001	
2.343762e+000	5.887265e+000	1.379835e+001	
2.454220e+000	5.887264e+000	1.444864e+001	
2.569883e+000	5.887262e+000	1.512958e+001	
2.690997e+000	5.887261e+000	1.584260e+001	
2.817819e+000	5.887259e+000	1.658923e+001	
2.950618e+000	5.887258e+000	1.737105e+001	
3.089676e+000	5.887256e+000	1.818971e+001	
3.235287e+000	5.887254e+000	1.904696e+001	
3.387760e+000	5.887252e+000	1.994460e+001	
3.547419e+000	5.887250e+000	2.088454e+001	
3.714602e+000	5.887248e+000	2.186879e+001	
3.889665e+000	5.887246e+000	2.289941e+001	
4.072978e+000	5.887244e+000	2.397861e+001	
4.264929e+000	5.887241e+000	2.510867e+001	
4.465928e+000	5.887239e+000	2.629198e+001	
4.676398e+000	5.887237e+000	2.753106e+001	
4.896788e+000	5.887234e+000	2.882853e+001	
5.127564e+000	5.887231e+000	3.018715e+001	
5.369216e+000	5.887228e+000	3.160980e+001	
5.622256e+000	5.887225e+000	3.309949e+001	
5.887222e+000	5.887222e+000	3.465938e+001	
6.164674e+000	5.887218e+000	3.629278e+001	
6.455203e+000	5.887215e+000	3.800316e+001	
6.759423e+000	5.887211e+000	3.979415e+001	
7.077980e+000	5.887207e+000	4.166953e+001	
7.411550e+000	5.887203e+000	4.363330e+001	
7.760839e+000	5.887199e+000	4.568961e+001	
8.126591e+000	5.887194e+000	4.784282e+001	
8.509578e+000	5.887189e+000	5.009750e+001	
8.910615e+000	5.887185e+000	5.245844e+001	
9.330551e+000	5.887179e+000	5.493063e+001	
9.770277e+000	5.887174e+000	5.751932e+001	
1.023073e+001	5.887168e+000	6.023001e+001	
1.071287e+001	5.887163e+000	6.306843e+001	
1.121775e+001	5.887156e+000	6.604062e+001	
1.174641e+001	5.887150e+000	6.915287e+001	
1.229998e+001	5.887143e+000	7.241177e+001	
1.287965e+001	5.887136e+000	7.582425e+001	
1.348663e+001	5.887128e+000	7.939754e+001	
1.412222e+001	5.887121e+000	8.313921e+001	
1.478776e+001	5.887113e+000	8.705720e+001	
1.548466e+001	5.887104e+000	9.115981e+001	
1.621441e+001	5.887095e+000	9.545575e+001	
1.697854e+001	5.887085e+000	9.995412e+001	
1.777868e+001	5.887076e+000	1.046645e+002	
1.861654e+001	5.887065e+000	1.095968e+002	
1.949387e+001	5.887054e+000	1.147615e+002	
2.041255e+001	5.887043e+000	1.201696e+002	
2.137452e+001	5.887032e+000	1.258325e+002	
2.238182e+001	5.887019e+000	1.317622e+002	
2.343659e+001	5.887006e+000	1.379714e+002	
2.454107e+001	5.886992e+000	1.444731e+002	
2.569759e+001	5.886978e+000	1.512812e+002	
2.690861e+001	5.886963e+000	1.584100e+002	
2.817670e+001	5.886947e+000	1.658747e+002	
2.950455e+001	5.886931e+000	1.736912e+002	
3.089496e+001	5.886914e+000	1.818760e+002	
3.235089e+001	5.886896e+000	1.904463e+002	
3.387544e+001	5.886877e+000	1.994205e+002	
3.547182e+001	5.886857e+000	2.088175e+002	
3.714342e+001	5.886836e+000	2.186572e+002	
3.889380e+001	5.886814e+000	2.289605e+002	
4.072664e+001	5.886791e+000	2.397492e+002	
4.264585e+001	5.886767e+000	2.510462e+002	
4.465550e+001	5.886742e+000	2.628754e+002	
4.675984e+001	5.886715e+000	2.752619e+002	
4.896333e+001	5.886687e+000	2.882318e+002	
5.127065e+001	5.886658e+000	3.018128e+002	
5.368668e+001	5.886628e+000	3.160335e+002	
5.621655e+001	5.886595e+000	3.309241e+002	
5.886562e+001	5.886562e+000	3.465161e+002	
6.163950e+001	5.886526e+000	3.628425e+002	
6.454407e+001	5.886489e+000	3.799379e+002	
6.758549e+001	5.886450e+000	3.978386e+002	
7.077020e+001	5.886409e+000	4.165823e+002	
7.410496e+001	5.886366e+000	4.362089e+002	
7.759682e+001	5.886320e+000	4.567597e+002	
8.125318e+001	5.886272e+000	4.782784e+002	
8.508179e+001	5.886222e+000	5.008104e+002	
8.909077e+001	5.886169e+000	5.244034e+002	
9.328861e+001	5.886113e+000	5.491073e+002	
9.768419e+001	5.886055e+000	5.749745e+002	
1.022868e+002	5.885993e+000	6.020595e+002	
1.071063e+002	5.885927e+000	6.304196e+002	
1.121527e+002	5.885857e+000	6.601148e+002	
1.174368e+002	5.885784e+000	6.912078e+002	
1.229698e+002	5.885706e+000	7.237643e+002	
1.287634e+002	5.885623e+000	7.578530e+002	
1.348298e+002	5.885536e+000	7.935458e+002	
1.411819e+002	5.885443e+000	8.309182e+002	
1.478331e+002	5.885343e+000	8.700487e+002	
1.547975e+002	5.885237e+000	9.110199e+002	
1.620897e+002	5.885123e+000	9.539180e+002	
1.697253e+002	5.885000e+000	9.988332e+002	
1.777202e+002	5.884868e+000	1.045860e+003	
1.860914e+002	5.884725e+000	1.095096e+003	
1.948564e+002	5.884570e+000	1.146646e+003	
2.040338e+002	5.884400e+000	1.200617e+003	
2.136429e+002	5.884213e+000	1.257120e+003	
2.237037e+002	5.884007e+000	1.316274e+003	
2.342374e+002	5.883778e+000	1.378201e+003	
2.452659e+002	5.883520e+000	1.443027e+003	
2.568122e+002	5.883227e+000	1.510885e+003	
2.689001e+002	5.882893e+000	1.581911e+003	
2.815545e+002	5.882507e+000	1.656246e+003	
2.948011e+002	5.882054e+000	1.734036e+003	
3.086665e+002	5.881518e+000	1.815427e+003	
3.231781e+002	5.880874e+000	1.900570e+003	
3.383638e+002	5.880089e+000	1.989609e+003	
3.542519e+002	5.879118e+000	2.082689e+003	
3.708703e+002	5.877898e+000	2.179938e+003	
3.882460e+002	5.876341e+000	2.281466e+003	
4.064038e+002	5.874322e+000	2.387347e+003	
4.253641e+002	5.871659e+000	2.497593e+003	
4.451401e+002	5.868089e+000	2.612122e+003	
4.657325e+002	5.863225e+000	2.730695e+003	
4.871219e+002	5.856493e+000	2.852826e+003	
5.092561e+002	5.847043e+000	2.977642e+003	
5.320330e+002	5.833625e+000	3.103681e+003	
5.552775e+002	5.814469e+000	3.228644e+003	
5.787220e+002	5.787220e+000	3.349192e+003	
6.020067e+002	5.749120e+000	3.461009e+003	
6.247250e+002	5.697559e+000	3.559408e+003	
6.465145e+002	5.630906e+000	3.640463e+003	
6.671464e+002	5.549082e+000	3.702050e+003	
6.865511e+002	5.453469e+000	3.744085e+003	
7.047806e+002	5.346307e+000	3.767974e+003	
7.219474e+002	5.230047e+000	3.775819e+003	
7.381796e+002	5.106955e+000	3.769850e+003	
7.535952e+002	4.978954e+000	3.752116e+003	
7.682949e+002	4.847613e+000	3.724397e+003	
7.823605e+002	4.714188e+000	3.688195e+003	
7.958572e+002	4.579680e+000	3.644772e+003	
8.088370e+002	4.444890e+000	3.595192e+003	
8.213412e+002	4.310460e+000	3.540359e+003	
8.334031e+002	4.176910e+000	3.481050e+003	
8.450494e+002	4.044661e+000	3.417938e+003	
8.563025e+002	3.914057e+000	3.351617e+003	
8.663074e+002	3.781569e+000	3.276001e+003	
8.700720e+002	3.627064e+000	3.155806e+003	
8.734384e+002	3.477221e+000	3.037138e+003	
8.765072e+002	3.332387e+000	2.920862e+003	
8.793206e+002	3.192620e+000	2.807336e+003	
8.819102e+002	3.057908e+000	2.696800e+003	
8.843021e+002	2.928200e+000	2.589413e+003	
8.865179e+002	2.803416e+000	2.485278e+003	
8.885757e+002	2.683456e+000	2.384454e+003	
8.904915e+002	2.568205e+000	2.286965e+003	
8.922783e+002	2.457539e+000	2.192808e+003	
8.939481e+002	2.351323e+000	2.101961e+003	
8.955111e+002	2.249422e+000	2.014382e+003	
8.969762e+002	2.151696e+000	1.930020e+003	
8.983514e+002	2.058004e+000	1.848811e+003	
8.996439e+002	1.968207e+000	1.770685e+003	
9.008599e+002	1.882163e+000	1.695565e+003	
9.020052e+002	1.799737e+000	1.623372e+003	
9.030848e+002	1.720793e+000	1.554022e+003	
9.041033e+002	1.645198e+000	1.487429e+003	
9.050651e+002	1.572823e+000	1.423507e+003	
9.059738e+002	1.503542e+000	1.362170e+003	
9.068330e+002	1.437233e+000	1.303331e+003	
9.076459e+002	1.373778e+000	1.246904e+003	
9.084154e+002	1.313060e+000	1.192804e+003	
9.091442e+002	1.254968e+000	1.140947e+003	
9.098349e+002	1.199396e+000	1.091252e+003	
9.104896e+002	1.146239e+000	1.043638e+003	
9.111106e+002	1.095396e+000	9.980267e+002	
9.116998e+002	1.046771e+000	9.543412e+002	
9.122590e+002	1.000272e+000	9.125071e+002	
9.127899e+002	9.558084e-001	8.724523e+002	
9.132942e+002	9.132942e-001	8.341063e+002	
9.137733e+002	8.726467e-001	7.974013e+002	
9.142286e+002	8.337864e-001	7.622714e+002	
9.146614e+002	7.966368e-001	7.286530e+002	
9.150729e+002	7.611246e-001	6.964845e+002	
9.154643e+002	7.271792e-001	6.657066e+002	
9.158366e+002	6.947331e-001	6.362620e+002	
9.161908e+002	6.637216e-001	6.080956e+002	
9.165279e+002	6.340824e-001	5.811542e+002	
9.168488e+002	6.057559e-001	5.553866e+002	
9.171542e+002	5.786852e-001	5.307435e+002	
9.174449e+002	5.528153e-001	5.071776e+002	
9.177219e+002	5.280938e-001	4.846432e+002	
9.179856e+002	5.044706e-001	4.630967e+002	
9.182368e+002	4.818975e-001	4.424961e+002	
9.184762e+002	4.603285e-001	4.228008e+002	
9.187042e+002	4.397195e-001	4.039721e+002	
9.189215e+002	4.200282e-001	3.859729e+002	
9.191286e+002	4.012142e-001	3.687674e+002	
9.193259e+002	3.832389e-001	3.523214e+002	
9.195141e+002	3.660651e-001	3.366021e+002	
9.196934e+002	3.496577e-001	3.215779e+002	
9.198644e+002	3.339826e-001	3.072187e+002	
9.200275e+002	3.190074e-001	2.934956e+002	
9.201829e+002	3.047012e-001	2.803808e+002	
9.203312e+002	2.910343e-001	2.678479e+002	
9.204726e+002	2.779783e-001	2.558714e+002	
9.206074e+002	2.655061e-001	2.444269e+002	
9.207361e+002	2.535918e-001	2.334911e+002	
9.208588e+002	2.422105e-001	2.230417e+002	
9.209758e+002	2.313387e-001	2.130573e+002	
9.210875e+002	2.209535e-001	2.035175e+002	
9.211940e+002	2.110334e-001	1.944027e+002	
9.212957e+002	2.015575e-001	1.856941e+002	
9.213926e+002	1.925062e-001	1.773738e+002	
9.214852e+002	1.838605e-001	1.694247e+002	
9.215735e+002	1.756022e-001	1.618304e+002	
9.216560e+002	1.677138e-001	1.545745e+002	
9.217363e+002	1.601794e-001	1.476432e+002	
9.218130e+002	1.529829e-001	1.410216e+002	
9.218861e+002	1.461091e-001	1.346960e+002	
9.219559e+002	1.395437e-001	1.286531e+002	
9.220225e+002	1.332728e-001	1.228805e+002	
9.220861e+002	1.272833e-001	1.173662e+002	
9.221467e+002	1.215626e-001	1.120986e+002	
9.222047e+002	1.160987e-001	1.070667e+002	
9.222599e+002	1.108800e-001	1.022602e+002	
9.223127e+002	1.058957e-001	9.766891e+001	
9.223630e+002	1.011351e-001	9.328328e+001	
9.224111e+002	9.658830e-002	8.909412e+001	
9.224570e+002	9.224570e-002	8.509269e+001	
9.225008e+002	8.809814e-002	8.127060e+001	
9.225426e+002	8.413688e-002	7.761986e+001	
9.225825e+002	8.035358e-002	7.413281e+001	
9.226206e+002	7.674024e-002	7.080213e+001	
9.226570e+002	7.328925e-002	6.762084e+001	
9.226917e+002	6.999332e-002	6.458226e+001	
9.227249e+002	6.684551e-002	6.168001e+001	
9.227565e+002	6.383915e-002	5.890799e+001	
9.227867e+002	6.096791e-002	5.626038e+001	
9.228156e+002	5.822573e-002	5.373161e+001	
9.228431e+002	5.560680e-002	5.131635e+001	
9.228694e+002	5.310559e-002	4.900953e+001	
9.228945e+002	5.071683e-002	4.680628e+001	
9.229185e+002	4.843545e-002	4.470198e+001	
9.229414e+002	4.625664e-002	4.269217e+001	
9.229633e+002	4.417580e-002	4.077264e+001	
9.229841e+002	4.218851e-002	3.893933e+001	
9.230040e+002	4.029059e-002	3.718837e+001	
9.230231e+002	3.847801e-002	3.551609e+001	
9.230412e+002	3.674693e-002	3.391893e+001	
9.230586e+002	3.509371e-002	3.239355e+001	
9.230751e+002	3.351483e-002	3.093671e+001	
9.230909e+002	3.200696e-002	2.954534e+001	
9.231060e+002	3.056691e-002	2.821650e+001	
9.231204e+002	2.919163e-002	2.694739e+001	
9.231342e+002	2.787821e-002	2.573533e+001	
9.231473e+002	2.662386e-002	2.457775e+001	
9.231599e+002	2.542594e-002	2.347220e+001	
9.231719e+002	2.428189e-002	2.241636e+001	
9.231833e+002	2.318932e-002	2.140799e+001	
9.231943e+002	2.214589e-002	2.044496e+001	
9.232047e+002	2.114940e-002	1.952522e+001	
9.232147e+002	2.019774e-002	1.864685e+001	
9.232242e+002	1.928889e-002	1.780797e+001	
9.232333e+002	1.842093e-002	1.700681e+001	
9.232419e+002	1.759201e-002	1.624168e+001	
9.232502e+002	1.680039e-002	1.551097e+001	
9.232581e+002	1.604439e-002	1.481311e+001	
9.232657e+002	1.532240e-002	1.414664e+001	
9.232729e+002	1.463289e-002	1.351015e+001	
9.232798e+002	1.397440e-002	1.290229e+001	
9.232864e+002	1.334555e-002	1.232176e+001	
9.232927e+002	1.274499e-002	1.176735e+001	
9.232986e+002	1.217145e-002	1.123788e+001	
9.233044e+002	1.162371e-002	1.073223e+001	
9.233099e+002	1.110063e-002	1.024932e+001	
9.233151e+002	1.060108e-002	9.788133e+000	
9.233201e+002	1.012400e-002	9.347696e+000	
9.233248e+002	9.668398e-003	8.927072e+000	
9.233294e+002	9.233294e-003	8.525372e+000	
