V(out)	I(R1)	power

%Step Information: Ifailure1=3.80889 Ifailure2=5.889  (Run: 22/24)
5.888756e-020	5.888755e+000	3.467744e-019	
6.166284e-020	5.888755e+000	3.631174e-019	
6.456892e-020	5.888755e+000	3.802306e-019	
6.761196e-020	5.888755e+000	3.981503e-019	
7.079841e-020	5.888755e+000	4.169145e-019	
7.413504e-020	5.888755e+000	4.365631e-019	
7.762892e-020	5.888755e+000	4.571377e-019	
8.128745e-020	5.888755e+000	4.786819e-019	
8.511842e-020	5.888755e+000	5.012415e-019	
8.912992e-020	5.888755e+000	5.248643e-019	
9.333048e-020	5.888755e+000	5.496004e-019	
9.772902e-020	5.888755e+000	5.755023e-019	
1.023348e-019	5.888755e+000	6.026249e-019	
1.071577e-019	5.888755e+000	6.310257e-019	
1.122079e-019	5.888755e+000	6.607650e-019	
1.174961e-019	5.888755e+000	6.919059e-019	
1.230335e-019	5.888755e+000	7.245144e-019	
1.288319e-019	5.888755e+000	7.586597e-019	
1.349036e-019	5.888755e+000	7.944143e-019	
1.412614e-019	5.888755e+000	8.318539e-019	
1.479189e-019	5.888755e+000	8.710579e-019	
1.548900e-019	5.888755e+000	9.121096e-019	
1.621898e-019	5.888755e+000	9.550961e-019	
1.698336e-019	5.888755e+000	1.000108e-018	
1.778376e-019	5.888755e+000	1.047242e-018	
1.862188e-019	5.888755e+000	1.096597e-018	
1.949950e-019	5.888755e+000	1.148278e-018	
2.041849e-019	5.888755e+000	1.202395e-018	
2.138078e-019	5.888755e+000	1.259062e-018	
2.238842e-019	5.888755e+000	1.318400e-018	
2.344356e-019	5.888755e+000	1.380534e-018	
2.454842e-019	5.888755e+000	1.445596e-018	
2.570535e-019	5.888755e+000	1.513725e-018	
2.691681e-019	5.888755e+000	1.585065e-018	
2.818536e-019	5.888755e+000	1.659767e-018	
2.951369e-019	5.888755e+000	1.737989e-018	
3.090463e-019	5.888755e+000	1.819898e-018	
3.236112e-019	5.888755e+000	1.905667e-018	
3.388625e-019	5.888755e+000	1.995478e-018	
3.548326e-019	5.888755e+000	2.089522e-018	
3.715554e-019	5.888755e+000	2.187999e-018	
3.890662e-019	5.888755e+000	2.291116e-018	
4.074023e-019	5.888755e+000	2.399093e-018	
4.266026e-019	5.888755e+000	2.512159e-018	
4.467078e-019	5.888755e+000	2.630553e-018	
4.677605e-019	5.888755e+000	2.754527e-018	
4.898053e-019	5.888755e+000	2.884344e-018	
5.128892e-019	5.888755e+000	3.020279e-018	
5.370609e-019	5.888755e+000	3.162620e-018	
5.623718e-019	5.888755e+000	3.311670e-018	
5.888756e-019	5.888755e+000	3.467744e-018	
6.166284e-019	5.888755e+000	3.631174e-018	
6.456892e-019	5.888755e+000	3.802306e-018	
6.761196e-019	5.888755e+000	3.981503e-018	
7.079841e-019	5.888755e+000	4.169145e-018	
7.413504e-019	5.888755e+000	4.365631e-018	
7.762892e-019	5.888755e+000	4.571377e-018	
8.128745e-019	5.888755e+000	4.786819e-018	
8.511842e-019	5.888755e+000	5.012415e-018	
8.912992e-019	5.888755e+000	5.248643e-018	
9.333049e-019	5.888755e+000	5.496004e-018	
9.772901e-019	5.888755e+000	5.755022e-018	
1.023348e-018	5.888755e+000	6.026249e-018	
1.071577e-018	5.888755e+000	6.310257e-018	
1.122079e-018	5.888755e+000	6.607650e-018	
1.174961e-018	5.888755e+000	6.919059e-018	
1.230335e-018	5.888755e+000	7.245144e-018	
1.288319e-018	5.888755e+000	7.586597e-018	
1.349036e-018	5.888755e+000	7.944143e-018	
1.412614e-018	5.888755e+000	8.318539e-018	
1.479189e-018	5.888755e+000	8.710580e-018	
1.548901e-018	5.888755e+000	9.121096e-018	
1.621898e-018	5.888755e+000	9.550961e-018	
1.698336e-018	5.888755e+000	1.000108e-017	
1.778376e-018	5.888755e+000	1.047242e-017	
1.862188e-018	5.888755e+000	1.096597e-017	
1.949950e-018	5.888755e+000	1.148278e-017	
2.041849e-018	5.888755e+000	1.202395e-017	
2.138078e-018	5.888755e+000	1.259062e-017	
2.238842e-018	5.888755e+000	1.318400e-017	
2.344356e-018	5.888755e+000	1.380534e-017	
2.454842e-018	5.888755e+000	1.445596e-017	
2.570535e-018	5.888755e+000	1.513725e-017	
2.691681e-018	5.888755e+000	1.585065e-017	
2.818536e-018	5.888755e+000	1.659767e-017	
2.951369e-018	5.888755e+000	1.737989e-017	
3.090463e-018	5.888755e+000	1.819898e-017	
3.236112e-018	5.888755e+000	1.905667e-017	
3.388625e-018	5.888755e+000	1.995478e-017	
3.548326e-018	5.888755e+000	2.089522e-017	
3.715553e-018	5.888755e+000	2.187999e-017	
3.890662e-018	5.888755e+000	2.291116e-017	
4.074023e-018	5.888755e+000	2.399093e-017	
4.266026e-018	5.888755e+000	2.512159e-017	
4.467078e-018	5.888755e+000	2.630553e-017	
4.677605e-018	5.888755e+000	2.754527e-017	
4.898054e-018	5.888755e+000	2.884344e-017	
5.128892e-018	5.888755e+000	3.020279e-017	
5.370609e-018	5.888755e+000	3.162620e-017	
5.623718e-018	5.888755e+000	3.311670e-017	
5.888755e-018	5.888755e+000	3.467744e-017	
6.166284e-018	5.888755e+000	3.631174e-017	
6.456892e-018	5.888755e+000	3.802306e-017	
6.761196e-018	5.888755e+000	3.981503e-017	
7.079841e-018	5.888755e+000	4.169145e-017	
7.413504e-018	5.888755e+000	4.365631e-017	
7.762892e-018	5.888755e+000	4.571377e-017	
8.128745e-018	5.888755e+000	4.786819e-017	
8.511842e-018	5.888755e+000	5.012415e-017	
8.912992e-018	5.888755e+000	5.248643e-017	
9.333048e-018	5.888755e+000	5.496004e-017	
9.772902e-018	5.888755e+000	5.755023e-017	
1.023348e-017	5.888755e+000	6.026248e-017	
1.071577e-017	5.888755e+000	6.310257e-017	
1.122079e-017	5.888755e+000	6.607650e-017	
1.174961e-017	5.888755e+000	6.919059e-017	
1.230335e-017	5.888755e+000	7.245144e-017	
1.288319e-017	5.888755e+000	7.586597e-017	
1.349036e-017	5.888755e+000	7.944143e-017	
1.412614e-017	5.888755e+000	8.318539e-017	
1.479189e-017	5.888755e+000	8.710579e-017	
1.548900e-017	5.888755e+000	9.121096e-017	
1.621898e-017	5.888755e+000	9.550961e-017	
1.698336e-017	5.888755e+000	1.000108e-016	
1.778376e-017	5.888755e+000	1.047242e-016	
1.862188e-017	5.888755e+000	1.096597e-016	
1.949950e-017	5.888755e+000	1.148278e-016	
2.041849e-017	5.888755e+000	1.202395e-016	
2.138078e-017	5.888755e+000	1.259062e-016	
2.238842e-017	5.888755e+000	1.318400e-016	
2.344356e-017	5.888755e+000	1.380534e-016	
2.454842e-017	5.888755e+000	1.445596e-016	
2.570535e-017	5.888755e+000	1.513725e-016	
2.691681e-017	5.888755e+000	1.585065e-016	
2.818536e-017	5.888755e+000	1.659767e-016	
2.951369e-017	5.888755e+000	1.737989e-016	
3.090463e-017	5.888755e+000	1.819898e-016	
3.236112e-017	5.888755e+000	1.905667e-016	
3.388625e-017	5.888755e+000	1.995478e-016	
3.548326e-017	5.888755e+000	2.089522e-016	
3.715554e-017	5.888755e+000	2.187999e-016	
3.890662e-017	5.888755e+000	2.291116e-016	
4.074023e-017	5.888755e+000	2.399093e-016	
4.266026e-017	5.888755e+000	2.512158e-016	
4.467078e-017	5.888755e+000	2.630553e-016	
4.677605e-017	5.888755e+000	2.754527e-016	
4.898053e-017	5.888755e+000	2.884344e-016	
5.128892e-017	5.888755e+000	3.020279e-016	
5.370609e-017	5.888755e+000	3.162620e-016	
5.623718e-017	5.888755e+000	3.311670e-016	
5.888756e-017	5.888755e+000	3.467744e-016	
6.166284e-017	5.888755e+000	3.631174e-016	
6.456892e-017	5.888755e+000	3.802306e-016	
6.761196e-017	5.888755e+000	3.981503e-016	
7.079842e-017	5.888755e+000	4.169145e-016	
7.413504e-017	5.888755e+000	4.365631e-016	
7.762892e-017	5.888755e+000	4.571377e-016	
8.128746e-017	5.888755e+000	4.786819e-016	
8.511841e-017	5.888755e+000	5.012415e-016	
8.912992e-017	5.888755e+000	5.248643e-016	
9.333048e-017	5.888755e+000	5.496004e-016	
9.772901e-017	5.888755e+000	5.755022e-016	
1.023348e-016	5.888755e+000	6.026248e-016	
1.071577e-016	5.888755e+000	6.310257e-016	
1.122079e-016	5.888755e+000	6.607650e-016	
1.174961e-016	5.888755e+000	6.919059e-016	
1.230335e-016	5.888755e+000	7.245145e-016	
1.288319e-016	5.888755e+000	7.586598e-016	
1.349036e-016	5.888755e+000	7.944143e-016	
1.412614e-016	5.888755e+000	8.318539e-016	
1.479188e-016	5.888755e+000	8.710579e-016	
1.548900e-016	5.888755e+000	9.121096e-016	
1.621898e-016	5.888755e+000	9.550960e-016	
1.698336e-016	5.888755e+000	1.000108e-015	
1.778376e-016	5.888755e+000	1.047242e-015	
1.862188e-016	5.888755e+000	1.096597e-015	
1.949950e-016	5.888755e+000	1.148278e-015	
2.041848e-016	5.888755e+000	1.202395e-015	
2.138078e-016	5.888755e+000	1.259062e-015	
2.238843e-016	5.888755e+000	1.318400e-015	
2.344356e-016	5.888755e+000	1.380534e-015	
2.454842e-016	5.888755e+000	1.445596e-015	
2.570535e-016	5.888755e+000	1.513725e-015	
2.691681e-016	5.888755e+000	1.585065e-015	
2.818535e-016	5.888755e+000	1.659767e-015	
2.951369e-016	5.888755e+000	1.737989e-015	
3.090463e-016	5.888755e+000	1.819898e-015	
3.236112e-016	5.888755e+000	1.905667e-015	
3.388625e-016	5.888755e+000	1.995478e-015	
3.548326e-016	5.888755e+000	2.089522e-015	
3.715553e-016	5.888755e+000	2.187999e-015	
3.890662e-016	5.888755e+000	2.291116e-015	
4.074023e-016	5.888755e+000	2.399093e-015	
4.266026e-016	5.888755e+000	2.512159e-015	
4.467078e-016	5.888755e+000	2.630553e-015	
4.677605e-016	5.888755e+000	2.754527e-015	
4.898054e-016	5.888755e+000	2.884344e-015	
5.128891e-016	5.888755e+000	3.020279e-015	
5.370609e-016	5.888755e+000	3.162620e-015	
5.623718e-016	5.888755e+000	3.311670e-015	
5.888756e-016	5.888755e+000	3.467744e-015	
6.166284e-016	5.888755e+000	3.631174e-015	
6.456892e-016	5.888755e+000	3.802306e-015	
6.761196e-016	5.888755e+000	3.981503e-015	
7.079841e-016	5.888755e+000	4.169145e-015	
7.413504e-016	5.888755e+000	4.365631e-015	
7.762892e-016	5.888755e+000	4.571377e-015	
8.128745e-016	5.888755e+000	4.786819e-015	
8.511841e-016	5.888755e+000	5.012415e-015	
8.912992e-016	5.888755e+000	5.248643e-015	
9.333048e-016	5.888755e+000	5.496004e-015	
9.772902e-016	5.888755e+000	5.755023e-015	
1.023348e-015	5.888755e+000	6.026249e-015	
1.071577e-015	5.888755e+000	6.310257e-015	
1.122079e-015	5.888755e+000	6.607650e-015	
1.174961e-015	5.888755e+000	6.919059e-015	
1.230335e-015	5.888755e+000	7.245144e-015	
1.288319e-015	5.888755e+000	7.586597e-015	
1.349036e-015	5.888755e+000	7.944142e-015	
1.412614e-015	5.888755e+000	8.318539e-015	
1.479189e-015	5.888755e+000	8.710580e-015	
1.548901e-015	5.888755e+000	9.121096e-015	
1.621898e-015	5.888755e+000	9.550960e-015	
1.698336e-015	5.888755e+000	1.000108e-014	
1.778376e-015	5.888755e+000	1.047242e-014	
1.862188e-015	5.888755e+000	1.096597e-014	
1.949950e-015	5.888755e+000	1.148278e-014	
2.041849e-015	5.888755e+000	1.202395e-014	
2.138078e-015	5.888755e+000	1.259062e-014	
2.238842e-015	5.888755e+000	1.318399e-014	
2.344356e-015	5.888755e+000	1.380534e-014	
2.454842e-015	5.888755e+000	1.445596e-014	
2.570535e-015	5.888755e+000	1.513725e-014	
2.691681e-015	5.888755e+000	1.585065e-014	
2.818536e-015	5.888755e+000	1.659767e-014	
2.951369e-015	5.888755e+000	1.737989e-014	
3.090463e-015	5.888755e+000	1.819898e-014	
3.236112e-015	5.888755e+000	1.905667e-014	
3.388625e-015	5.888755e+000	1.995478e-014	
3.548326e-015	5.888755e+000	2.089522e-014	
3.715554e-015	5.888755e+000	2.187999e-014	
3.890662e-015	5.888755e+000	2.291116e-014	
4.074023e-015	5.888755e+000	2.399093e-014	
4.266026e-015	5.888755e+000	2.512159e-014	
4.467078e-015	5.888755e+000	2.630553e-014	
4.677605e-015	5.888755e+000	2.754527e-014	
4.898054e-015	5.888755e+000	2.884344e-014	
5.128892e-015	5.888755e+000	3.020279e-014	
5.370609e-015	5.888755e+000	3.162620e-014	
5.623718e-015	5.888755e+000	3.311670e-014	
5.888756e-015	5.888755e+000	3.467744e-014	
6.166284e-015	5.888755e+000	3.631174e-014	
6.456892e-015	5.888755e+000	3.802306e-014	
6.761196e-015	5.888755e+000	3.981503e-014	
7.079841e-015	5.888755e+000	4.169145e-014	
7.413504e-015	5.888755e+000	4.365631e-014	
7.762892e-015	5.888755e+000	4.571377e-014	
8.128746e-015	5.888755e+000	4.786819e-014	
8.511842e-015	5.888755e+000	5.012415e-014	
8.912992e-015	5.888755e+000	5.248643e-014	
9.333049e-015	5.888755e+000	5.496004e-014	
9.772902e-015	5.888755e+000	5.755023e-014	
1.023348e-014	5.888755e+000	6.026249e-014	
1.071577e-014	5.888755e+000	6.310257e-014	
1.122079e-014	5.888755e+000	6.607650e-014	
1.174961e-014	5.888755e+000	6.919059e-014	
1.230335e-014	5.888755e+000	7.245144e-014	
1.288319e-014	5.888755e+000	7.586597e-014	
1.349036e-014	5.888755e+000	7.944142e-014	
1.412614e-014	5.888755e+000	8.318538e-014	
1.479189e-014	5.888755e+000	8.710579e-014	
1.548901e-014	5.888755e+000	9.121096e-014	
1.621898e-014	5.888755e+000	9.550961e-014	
1.698336e-014	5.888755e+000	1.000108e-013	
1.778376e-014	5.888755e+000	1.047242e-013	
1.862188e-014	5.888755e+000	1.096597e-013	
1.949950e-014	5.888755e+000	1.148278e-013	
2.041848e-014	5.888755e+000	1.202395e-013	
2.138078e-014	5.888755e+000	1.259062e-013	
2.238842e-014	5.888755e+000	1.318400e-013	
2.344356e-014	5.888755e+000	1.380534e-013	
2.454842e-014	5.888755e+000	1.445596e-013	
2.570535e-014	5.888755e+000	1.513725e-013	
2.691681e-014	5.888755e+000	1.585065e-013	
2.818536e-014	5.888755e+000	1.659767e-013	
2.951369e-014	5.888755e+000	1.737989e-013	
3.090463e-014	5.888755e+000	1.819898e-013	
3.236112e-014	5.888755e+000	1.905667e-013	
3.388625e-014	5.888755e+000	1.995478e-013	
3.548326e-014	5.888755e+000	2.089522e-013	
3.715553e-014	5.888755e+000	2.187998e-013	
3.890662e-014	5.888755e+000	2.291116e-013	
4.074023e-014	5.888755e+000	2.399093e-013	
4.266026e-014	5.888755e+000	2.512158e-013	
4.467078e-014	5.888755e+000	2.630553e-013	
4.677605e-014	5.888755e+000	2.754527e-013	
4.898053e-014	5.888755e+000	2.884344e-013	
5.128892e-014	5.888755e+000	3.020279e-013	
5.370609e-014	5.888755e+000	3.162620e-013	
5.623718e-014	5.888755e+000	3.311670e-013	
5.888755e-014	5.888755e+000	3.467744e-013	
6.166284e-014	5.888755e+000	3.631174e-013	
6.456892e-014	5.888755e+000	3.802306e-013	
6.761196e-014	5.888755e+000	3.981503e-013	
7.079842e-014	5.888755e+000	4.169145e-013	
7.413504e-014	5.888755e+000	4.365631e-013	
7.762892e-014	5.888755e+000	4.571377e-013	
8.128745e-014	5.888755e+000	4.786819e-013	
8.511842e-014	5.888755e+000	5.012415e-013	
8.912992e-014	5.888755e+000	5.248643e-013	
9.333049e-014	5.888755e+000	5.496004e-013	
9.772901e-014	5.888755e+000	5.755023e-013	
1.023348e-013	5.888755e+000	6.026248e-013	
1.071577e-013	5.888755e+000	6.310257e-013	
1.122079e-013	5.888755e+000	6.607650e-013	
1.174961e-013	5.888755e+000	6.919059e-013	
1.230335e-013	5.888755e+000	7.245144e-013	
1.288319e-013	5.888755e+000	7.586597e-013	
1.349036e-013	5.888755e+000	7.944142e-013	
1.412614e-013	5.888755e+000	8.318539e-013	
1.479189e-013	5.888755e+000	8.710579e-013	
1.548901e-013	5.888755e+000	9.121097e-013	
1.621898e-013	5.888755e+000	9.550961e-013	
1.698336e-013	5.888755e+000	1.000108e-012	
1.778376e-013	5.888755e+000	1.047242e-012	
1.862188e-013	5.888755e+000	1.096597e-012	
1.949950e-013	5.888755e+000	1.148278e-012	
2.041849e-013	5.888755e+000	1.202395e-012	
2.138078e-013	5.888755e+000	1.259062e-012	
2.238842e-013	5.888755e+000	1.318400e-012	
2.344356e-013	5.888755e+000	1.380534e-012	
2.454842e-013	5.888755e+000	1.445596e-012	
2.570535e-013	5.888755e+000	1.513725e-012	
2.691681e-013	5.888755e+000	1.585065e-012	
2.818536e-013	5.888755e+000	1.659767e-012	
2.951369e-013	5.888755e+000	1.737989e-012	
3.090463e-013	5.888755e+000	1.819898e-012	
3.236112e-013	5.888755e+000	1.905667e-012	
3.388625e-013	5.888755e+000	1.995478e-012	
3.548326e-013	5.888755e+000	2.089522e-012	
3.715554e-013	5.888755e+000	2.187999e-012	
3.890662e-013	5.888755e+000	2.291116e-012	
4.074024e-013	5.888755e+000	2.399093e-012	
4.266026e-013	5.888755e+000	2.512158e-012	
4.467078e-013	5.888755e+000	2.630553e-012	
4.677605e-013	5.888755e+000	2.754527e-012	
4.898054e-013	5.888755e+000	2.884344e-012	
5.128892e-013	5.888755e+000	3.020279e-012	
5.370609e-013	5.888755e+000	3.162620e-012	
5.623718e-013	5.888755e+000	3.311670e-012	
5.888756e-013	5.888755e+000	3.467744e-012	
6.166284e-013	5.888755e+000	3.631174e-012	
6.456892e-013	5.888755e+000	3.802306e-012	
6.761196e-013	5.888755e+000	3.981503e-012	
7.079841e-013	5.888755e+000	4.169145e-012	
7.413504e-013	5.888755e+000	4.365631e-012	
7.762892e-013	5.888755e+000	4.571377e-012	
8.128746e-013	5.888755e+000	4.786819e-012	
8.511841e-013	5.888755e+000	5.012415e-012	
8.912992e-013	5.888755e+000	5.248643e-012	
9.333049e-013	5.888755e+000	5.496004e-012	
9.772902e-013	5.888755e+000	5.755023e-012	
1.023348e-012	5.888755e+000	6.026248e-012	
1.071577e-012	5.888755e+000	6.310257e-012	
1.122079e-012	5.888755e+000	6.607650e-012	
1.174961e-012	5.888755e+000	6.919059e-012	
1.230335e-012	5.888755e+000	7.245144e-012	
1.288319e-012	5.888755e+000	7.586598e-012	
1.349036e-012	5.888755e+000	7.944143e-012	
1.412614e-012	5.888755e+000	8.318539e-012	
1.479189e-012	5.888755e+000	8.710579e-012	
1.548901e-012	5.888755e+000	9.121096e-012	
1.621898e-012	5.888755e+000	9.550960e-012	
1.698336e-012	5.888755e+000	1.000108e-011	
1.778376e-012	5.888755e+000	1.047242e-011	
1.862188e-012	5.888755e+000	1.096597e-011	
1.949950e-012	5.888755e+000	1.148278e-011	
2.041848e-012	5.888755e+000	1.202395e-011	
2.138078e-012	5.888755e+000	1.259062e-011	
2.238842e-012	5.888755e+000	1.318399e-011	
2.344356e-012	5.888755e+000	1.380534e-011	
2.454842e-012	5.888755e+000	1.445596e-011	
2.570535e-012	5.888755e+000	1.513725e-011	
2.691681e-012	5.888755e+000	1.585065e-011	
2.818536e-012	5.888755e+000	1.659767e-011	
2.951369e-012	5.888755e+000	1.737989e-011	
3.090463e-012	5.888755e+000	1.819898e-011	
3.236112e-012	5.888755e+000	1.905667e-011	
3.388625e-012	5.888755e+000	1.995478e-011	
3.548326e-012	5.888755e+000	2.089522e-011	
3.715553e-012	5.888755e+000	2.187999e-011	
3.890662e-012	5.888755e+000	2.291116e-011	
4.074024e-012	5.888755e+000	2.399093e-011	
4.266026e-012	5.888755e+000	2.512159e-011	
4.467078e-012	5.888755e+000	2.630553e-011	
4.677605e-012	5.888755e+000	2.754527e-011	
4.898053e-012	5.888755e+000	2.884344e-011	
5.128892e-012	5.888755e+000	3.020279e-011	
5.370609e-012	5.888755e+000	3.162620e-011	
5.623718e-012	5.888755e+000	3.311670e-011	
5.888756e-012	5.888755e+000	3.467744e-011	
6.166284e-012	5.888755e+000	3.631174e-011	
6.456892e-012	5.888755e+000	3.802306e-011	
6.761196e-012	5.888755e+000	3.981503e-011	
7.079841e-012	5.888755e+000	4.169145e-011	
7.413504e-012	5.888755e+000	4.365631e-011	
7.762892e-012	5.888755e+000	4.571377e-011	
8.128745e-012	5.888755e+000	4.786819e-011	
8.511841e-012	5.888755e+000	5.012415e-011	
8.912992e-012	5.888755e+000	5.248643e-011	
9.333048e-012	5.888755e+000	5.496004e-011	
9.772901e-012	5.888755e+000	5.755022e-011	
1.023348e-011	5.888755e+000	6.026248e-011	
1.071577e-011	5.888755e+000	6.310257e-011	
1.122079e-011	5.888755e+000	6.607650e-011	
1.174961e-011	5.888755e+000	6.919059e-011	
1.230335e-011	5.888755e+000	7.245144e-011	
1.288319e-011	5.888755e+000	7.586598e-011	
1.349036e-011	5.888755e+000	7.944143e-011	
1.412614e-011	5.888755e+000	8.318538e-011	
1.479188e-011	5.888755e+000	8.710579e-011	
1.548901e-011	5.888755e+000	9.121097e-011	
1.621898e-011	5.888755e+000	9.550960e-011	
1.698336e-011	5.888755e+000	1.000108e-010	
1.778376e-011	5.888755e+000	1.047242e-010	
1.862188e-011	5.888755e+000	1.096597e-010	
1.949950e-011	5.888755e+000	1.148278e-010	
2.041849e-011	5.888755e+000	1.202395e-010	
2.138078e-011	5.888755e+000	1.259062e-010	
2.238842e-011	5.888755e+000	1.318400e-010	
2.344356e-011	5.888755e+000	1.380534e-010	
2.454842e-011	5.888755e+000	1.445596e-010	
2.570535e-011	5.888755e+000	1.513725e-010	
2.691681e-011	5.888755e+000	1.585065e-010	
2.818536e-011	5.888755e+000	1.659767e-010	
2.951369e-011	5.888755e+000	1.737989e-010	
3.090463e-011	5.888755e+000	1.819898e-010	
3.236112e-011	5.888755e+000	1.905667e-010	
3.388625e-011	5.888755e+000	1.995478e-010	
3.548326e-011	5.888755e+000	2.089522e-010	
3.715554e-011	5.888755e+000	2.187999e-010	
3.890662e-011	5.888755e+000	2.291116e-010	
4.074023e-011	5.888755e+000	2.399093e-010	
4.266026e-011	5.888755e+000	2.512159e-010	
4.467078e-011	5.888755e+000	2.630553e-010	
4.677605e-011	5.888755e+000	2.754527e-010	
4.898053e-011	5.888755e+000	2.884344e-010	
5.128892e-011	5.888755e+000	3.020279e-010	
5.370609e-011	5.888755e+000	3.162620e-010	
5.623718e-011	5.888755e+000	3.311670e-010	
5.888755e-011	5.888755e+000	3.467744e-010	
6.166284e-011	5.888755e+000	3.631174e-010	
6.456892e-011	5.888755e+000	3.802306e-010	
6.761196e-011	5.888755e+000	3.981503e-010	
7.079842e-011	5.888755e+000	4.169145e-010	
7.413504e-011	5.888755e+000	4.365631e-010	
7.762892e-011	5.888755e+000	4.571377e-010	
8.128746e-011	5.888755e+000	4.786819e-010	
8.511841e-011	5.888755e+000	5.012415e-010	
8.912992e-011	5.888755e+000	5.248643e-010	
9.333049e-011	5.888755e+000	5.496004e-010	
9.772902e-011	5.888755e+000	5.755023e-010	
1.023348e-010	5.888755e+000	6.026248e-010	
1.071577e-010	5.888755e+000	6.310257e-010	
1.122079e-010	5.888755e+000	6.607650e-010	
1.174961e-010	5.888755e+000	6.919059e-010	
1.230335e-010	5.888755e+000	7.245144e-010	
1.288319e-010	5.888755e+000	7.586597e-010	
1.349036e-010	5.888755e+000	7.944143e-010	
1.412614e-010	5.888755e+000	8.318539e-010	
1.479189e-010	5.888755e+000	8.710580e-010	
1.548901e-010	5.888755e+000	9.121097e-010	
1.621898e-010	5.888755e+000	9.550960e-010	
1.698336e-010	5.888755e+000	1.000108e-009	
1.778376e-010	5.888755e+000	1.047242e-009	
1.862188e-010	5.888755e+000	1.096597e-009	
1.949950e-010	5.888755e+000	1.148278e-009	
2.041848e-010	5.888755e+000	1.202395e-009	
2.138078e-010	5.888755e+000	1.259062e-009	
2.238842e-010	5.888755e+000	1.318400e-009	
2.344356e-010	5.888755e+000	1.380534e-009	
2.454842e-010	5.888755e+000	1.445596e-009	
2.570535e-010	5.888755e+000	1.513725e-009	
2.691680e-010	5.888755e+000	1.585065e-009	
2.818536e-010	5.888755e+000	1.659767e-009	
2.951369e-010	5.888755e+000	1.737989e-009	
3.090463e-010	5.888755e+000	1.819898e-009	
3.236112e-010	5.888755e+000	1.905667e-009	
3.388625e-010	5.888755e+000	1.995478e-009	
3.548326e-010	5.888755e+000	2.089522e-009	
3.715554e-010	5.888755e+000	2.187999e-009	
3.890662e-010	5.888755e+000	2.291116e-009	
4.074023e-010	5.888755e+000	2.399093e-009	
4.266026e-010	5.888755e+000	2.512158e-009	
4.467078e-010	5.888755e+000	2.630553e-009	
4.677605e-010	5.888755e+000	2.754527e-009	
4.898054e-010	5.888755e+000	2.884344e-009	
5.128892e-010	5.888755e+000	3.020279e-009	
5.370609e-010	5.888755e+000	3.162620e-009	
5.623718e-010	5.888755e+000	3.311670e-009	
5.888756e-010	5.888755e+000	3.467744e-009	
6.166284e-010	5.888755e+000	3.631174e-009	
6.456892e-010	5.888755e+000	3.802306e-009	
6.761196e-010	5.888755e+000	3.981503e-009	
7.079841e-010	5.888755e+000	4.169145e-009	
7.413504e-010	5.888755e+000	4.365631e-009	
7.762891e-010	5.888755e+000	4.571377e-009	
8.128745e-010	5.888755e+000	4.786819e-009	
8.511841e-010	5.888755e+000	5.012415e-009	
8.912992e-010	5.888755e+000	5.248643e-009	
9.333049e-010	5.888755e+000	5.496004e-009	
9.772901e-010	5.888755e+000	5.755022e-009	
1.023348e-009	5.888755e+000	6.026248e-009	
1.071577e-009	5.888755e+000	6.310257e-009	
1.122079e-009	5.888755e+000	6.607650e-009	
1.174961e-009	5.888755e+000	6.919059e-009	
1.230335e-009	5.888755e+000	7.245144e-009	
1.288319e-009	5.888755e+000	7.586597e-009	
1.349036e-009	5.888755e+000	7.944143e-009	
1.412614e-009	5.888755e+000	8.318538e-009	
1.479189e-009	5.888755e+000	8.710579e-009	
1.548901e-009	5.888755e+000	9.121096e-009	
1.621898e-009	5.888755e+000	9.550960e-009	
1.698336e-009	5.888755e+000	1.000108e-008	
1.778376e-009	5.888755e+000	1.047242e-008	
1.862188e-009	5.888755e+000	1.096597e-008	
1.949950e-009	5.888755e+000	1.148278e-008	
2.041848e-009	5.888755e+000	1.202395e-008	
2.138078e-009	5.888755e+000	1.259062e-008	
2.238842e-009	5.888755e+000	1.318400e-008	
2.344356e-009	5.888755e+000	1.380534e-008	
2.454842e-009	5.888755e+000	1.445596e-008	
2.570535e-009	5.888755e+000	1.513725e-008	
2.691681e-009	5.888755e+000	1.585065e-008	
2.818536e-009	5.888755e+000	1.659767e-008	
2.951369e-009	5.888755e+000	1.737989e-008	
3.090463e-009	5.888755e+000	1.819898e-008	
3.236112e-009	5.888755e+000	1.905667e-008	
3.388625e-009	5.888755e+000	1.995478e-008	
3.548326e-009	5.888755e+000	2.089522e-008	
3.715554e-009	5.888755e+000	2.187999e-008	
3.890662e-009	5.888755e+000	2.291116e-008	
4.074023e-009	5.888755e+000	2.399093e-008	
4.266026e-009	5.888755e+000	2.512158e-008	
4.467078e-009	5.888755e+000	2.630553e-008	
4.677605e-009	5.888755e+000	2.754527e-008	
4.898054e-009	5.888755e+000	2.884344e-008	
5.128892e-009	5.888755e+000	3.020279e-008	
5.370609e-009	5.888755e+000	3.162620e-008	
5.623718e-009	5.888755e+000	3.311670e-008	
5.888756e-009	5.888755e+000	3.467744e-008	
6.166284e-009	5.888755e+000	3.631174e-008	
6.456892e-009	5.888755e+000	3.802306e-008	
6.761196e-009	5.888755e+000	3.981503e-008	
7.079841e-009	5.888755e+000	4.169145e-008	
7.413504e-009	5.888755e+000	4.365631e-008	
7.762892e-009	5.888755e+000	4.571377e-008	
8.128746e-009	5.888755e+000	4.786819e-008	
8.511842e-009	5.888755e+000	5.012415e-008	
8.912992e-009	5.888755e+000	5.248643e-008	
9.333049e-009	5.888755e+000	5.496004e-008	
9.772902e-009	5.888755e+000	5.755023e-008	
1.023348e-008	5.888755e+000	6.026249e-008	
1.071577e-008	5.888755e+000	6.310257e-008	
1.122079e-008	5.888755e+000	6.607650e-008	
1.174961e-008	5.888755e+000	6.919059e-008	
1.230335e-008	5.888755e+000	7.245144e-008	
1.288319e-008	5.888755e+000	7.586597e-008	
1.349036e-008	5.888755e+000	7.944143e-008	
1.412614e-008	5.888755e+000	8.318538e-008	
1.479189e-008	5.888755e+000	8.710579e-008	
1.548901e-008	5.888755e+000	9.121096e-008	
1.621898e-008	5.888755e+000	9.550960e-008	
1.698336e-008	5.888755e+000	1.000108e-007	
1.778376e-008	5.888755e+000	1.047242e-007	
1.862188e-008	5.888755e+000	1.096597e-007	
1.949950e-008	5.888755e+000	1.148278e-007	
2.041848e-008	5.888755e+000	1.202395e-007	
2.138078e-008	5.888755e+000	1.259062e-007	
2.238842e-008	5.888755e+000	1.318399e-007	
2.344356e-008	5.888755e+000	1.380534e-007	
2.454842e-008	5.888755e+000	1.445596e-007	
2.570535e-008	5.888755e+000	1.513725e-007	
2.691681e-008	5.888755e+000	1.585065e-007	
2.818536e-008	5.888755e+000	1.659767e-007	
2.951369e-008	5.888755e+000	1.737989e-007	
3.090463e-008	5.888755e+000	1.819898e-007	
3.236112e-008	5.888755e+000	1.905667e-007	
3.388625e-008	5.888755e+000	1.995478e-007	
3.548326e-008	5.888755e+000	2.089522e-007	
3.715554e-008	5.888755e+000	2.187999e-007	
3.890662e-008	5.888755e+000	2.291116e-007	
4.074024e-008	5.888755e+000	2.399093e-007	
4.266026e-008	5.888755e+000	2.512158e-007	
4.467078e-008	5.888755e+000	2.630553e-007	
4.677605e-008	5.888755e+000	2.754527e-007	
4.898054e-008	5.888755e+000	2.884344e-007	
5.128892e-008	5.888755e+000	3.020279e-007	
5.370609e-008	5.888755e+000	3.162620e-007	
5.623718e-008	5.888755e+000	3.311670e-007	
5.888755e-008	5.888755e+000	3.467744e-007	
6.166284e-008	5.888755e+000	3.631174e-007	
6.456892e-008	5.888755e+000	3.802306e-007	
6.761196e-008	5.888755e+000	3.981503e-007	
7.079841e-008	5.888755e+000	4.169145e-007	
7.413504e-008	5.888755e+000	4.365631e-007	
7.762892e-008	5.888755e+000	4.571377e-007	
8.128745e-008	5.888755e+000	4.786819e-007	
8.511842e-008	5.888755e+000	5.012415e-007	
8.912992e-008	5.888755e+000	5.248643e-007	
9.333048e-008	5.888755e+000	5.496004e-007	
9.772901e-008	5.888755e+000	5.755023e-007	
1.023348e-007	5.888755e+000	6.026249e-007	
1.071577e-007	5.888755e+000	6.310257e-007	
1.122079e-007	5.888755e+000	6.607650e-007	
1.174961e-007	5.888755e+000	6.919059e-007	
1.230335e-007	5.888755e+000	7.245144e-007	
1.288319e-007	5.888755e+000	7.586597e-007	
1.349036e-007	5.888755e+000	7.944143e-007	
1.412614e-007	5.888755e+000	8.318539e-007	
1.479189e-007	5.888755e+000	8.710579e-007	
1.548900e-007	5.888755e+000	9.121096e-007	
1.621898e-007	5.888755e+000	9.550960e-007	
1.698336e-007	5.888755e+000	1.000108e-006	
1.778376e-007	5.888755e+000	1.047242e-006	
1.862188e-007	5.888755e+000	1.096597e-006	
1.949950e-007	5.888755e+000	1.148278e-006	
2.041849e-007	5.888755e+000	1.202395e-006	
2.138078e-007	5.888755e+000	1.259062e-006	
2.238842e-007	5.888755e+000	1.318400e-006	
2.344356e-007	5.888755e+000	1.380534e-006	
2.454842e-007	5.888755e+000	1.445596e-006	
2.570535e-007	5.888755e+000	1.513725e-006	
2.691681e-007	5.888755e+000	1.585065e-006	
2.818536e-007	5.888755e+000	1.659767e-006	
2.951369e-007	5.888755e+000	1.737989e-006	
3.090463e-007	5.888755e+000	1.819898e-006	
3.236112e-007	5.888755e+000	1.905667e-006	
3.388625e-007	5.888755e+000	1.995478e-006	
3.548326e-007	5.888755e+000	2.089522e-006	
3.715554e-007	5.888755e+000	2.187999e-006	
3.890662e-007	5.888755e+000	2.291116e-006	
4.074024e-007	5.888755e+000	2.399093e-006	
4.266026e-007	5.888755e+000	2.512159e-006	
4.467078e-007	5.888755e+000	2.630553e-006	
4.677605e-007	5.888755e+000	2.754527e-006	
4.898054e-007	5.888755e+000	2.884344e-006	
5.128892e-007	5.888755e+000	3.020279e-006	
5.370609e-007	5.888755e+000	3.162620e-006	
5.623718e-007	5.888755e+000	3.311670e-006	
5.888755e-007	5.888755e+000	3.467744e-006	
6.166284e-007	5.888755e+000	3.631174e-006	
6.456892e-007	5.888755e+000	3.802306e-006	
6.761196e-007	5.888755e+000	3.981503e-006	
7.079842e-007	5.888755e+000	4.169145e-006	
7.413504e-007	5.888755e+000	4.365631e-006	
7.762891e-007	5.888755e+000	4.571377e-006	
8.128745e-007	5.888755e+000	4.786819e-006	
8.511842e-007	5.888755e+000	5.012415e-006	
8.912992e-007	5.888755e+000	5.248643e-006	
9.333049e-007	5.888755e+000	5.496004e-006	
9.772901e-007	5.888755e+000	5.755023e-006	
1.023348e-006	5.888755e+000	6.026249e-006	
1.071577e-006	5.888755e+000	6.310257e-006	
1.122079e-006	5.888755e+000	6.607650e-006	
1.174961e-006	5.888755e+000	6.919059e-006	
1.230335e-006	5.888755e+000	7.245144e-006	
1.288319e-006	5.888755e+000	7.586598e-006	
1.349036e-006	5.888755e+000	7.944143e-006	
1.412614e-006	5.888755e+000	8.318539e-006	
1.479189e-006	5.888755e+000	8.710579e-006	
1.548901e-006	5.888755e+000	9.121096e-006	
1.621898e-006	5.888755e+000	9.550960e-006	
1.698336e-006	5.888755e+000	1.000108e-005	
1.778376e-006	5.888755e+000	1.047242e-005	
1.862188e-006	5.888755e+000	1.096597e-005	
1.949950e-006	5.888755e+000	1.148278e-005	
2.041849e-006	5.888755e+000	1.202395e-005	
2.138078e-006	5.888755e+000	1.259062e-005	
2.238842e-006	5.888755e+000	1.318400e-005	
2.344356e-006	5.888755e+000	1.380534e-005	
2.454842e-006	5.888755e+000	1.445596e-005	
2.570535e-006	5.888755e+000	1.513725e-005	
2.691681e-006	5.888755e+000	1.585065e-005	
2.818536e-006	5.888755e+000	1.659767e-005	
2.951369e-006	5.888755e+000	1.737989e-005	
3.090463e-006	5.888755e+000	1.819898e-005	
3.236112e-006	5.888755e+000	1.905667e-005	
3.388625e-006	5.888755e+000	1.995478e-005	
3.548326e-006	5.888755e+000	2.089522e-005	
3.715553e-006	5.888755e+000	2.187999e-005	
3.890662e-006	5.888755e+000	2.291116e-005	
4.074023e-006	5.888755e+000	2.399093e-005	
4.266026e-006	5.888755e+000	2.512158e-005	
4.467078e-006	5.888755e+000	2.630553e-005	
4.677605e-006	5.888755e+000	2.754527e-005	
4.898054e-006	5.888755e+000	2.884344e-005	
5.128892e-006	5.888755e+000	3.020279e-005	
5.370609e-006	5.888755e+000	3.162620e-005	
5.623718e-006	5.888755e+000	3.311670e-005	
5.888755e-006	5.888755e+000	3.467744e-005	
6.166284e-006	5.888755e+000	3.631174e-005	
6.456892e-006	5.888755e+000	3.802306e-005	
6.761196e-006	5.888755e+000	3.981503e-005	
7.079841e-006	5.888755e+000	4.169145e-005	
7.413504e-006	5.888755e+000	4.365631e-005	
7.762892e-006	5.888755e+000	4.571377e-005	
8.128745e-006	5.888755e+000	4.786819e-005	
8.511842e-006	5.888755e+000	5.012415e-005	
8.912993e-006	5.888755e+000	5.248643e-005	
9.333048e-006	5.888755e+000	5.496004e-005	
9.772902e-006	5.888755e+000	5.755023e-005	
1.023348e-005	5.888755e+000	6.026249e-005	
1.071577e-005	5.888755e+000	6.310257e-005	
1.122079e-005	5.888755e+000	6.607650e-005	
1.174961e-005	5.888755e+000	6.919059e-005	
1.230335e-005	5.888755e+000	7.245144e-005	
1.288319e-005	5.888755e+000	7.586597e-005	
1.349036e-005	5.888755e+000	7.944143e-005	
1.412614e-005	5.888755e+000	8.318539e-005	
1.479189e-005	5.888755e+000	8.710579e-005	
1.548901e-005	5.888755e+000	9.121097e-005	
1.621898e-005	5.888755e+000	9.550960e-005	
1.698336e-005	5.888755e+000	1.000108e-004	
1.778376e-005	5.888755e+000	1.047242e-004	
1.862188e-005	5.888755e+000	1.096597e-004	
1.949950e-005	5.888755e+000	1.148278e-004	
2.041849e-005	5.888755e+000	1.202395e-004	
2.138078e-005	5.888755e+000	1.259062e-004	
2.238842e-005	5.888755e+000	1.318399e-004	
2.344356e-005	5.888755e+000	1.380534e-004	
2.454842e-005	5.888755e+000	1.445596e-004	
2.570535e-005	5.888755e+000	1.513725e-004	
2.691681e-005	5.888755e+000	1.585065e-004	
2.818536e-005	5.888755e+000	1.659767e-004	
2.951369e-005	5.888755e+000	1.737989e-004	
3.090463e-005	5.888755e+000	1.819898e-004	
3.236112e-005	5.888755e+000	1.905667e-004	
3.388625e-005	5.888755e+000	1.995478e-004	
3.548326e-005	5.888755e+000	2.089523e-004	
3.715554e-005	5.888755e+000	2.187999e-004	
3.890662e-005	5.888755e+000	2.291116e-004	
4.074023e-005	5.888755e+000	2.399093e-004	
4.266026e-005	5.888755e+000	2.512159e-004	
4.467078e-005	5.888755e+000	2.630553e-004	
4.677605e-005	5.888755e+000	2.754527e-004	
4.898054e-005	5.888755e+000	2.884344e-004	
5.128892e-005	5.888755e+000	3.020279e-004	
5.370609e-005	5.888755e+000	3.162620e-004	
5.623718e-005	5.888755e+000	3.311670e-004	
5.888756e-005	5.888755e+000	3.467744e-004	
6.166284e-005	5.888755e+000	3.631174e-004	
6.456892e-005	5.888755e+000	3.802306e-004	
6.761196e-005	5.888755e+000	3.981503e-004	
7.079841e-005	5.888755e+000	4.169145e-004	
7.413504e-005	5.888755e+000	4.365631e-004	
7.762892e-005	5.888755e+000	4.571377e-004	
8.128746e-005	5.888755e+000	4.786819e-004	
8.511842e-005	5.888755e+000	5.012415e-004	
8.912992e-005	5.888755e+000	5.248643e-004	
9.333048e-005	5.888755e+000	5.496004e-004	
9.772902e-005	5.888755e+000	5.755023e-004	
1.023348e-004	5.888755e+000	6.026249e-004	
1.071577e-004	5.888755e+000	6.310257e-004	
1.122079e-004	5.888755e+000	6.607650e-004	
1.174961e-004	5.888755e+000	6.919059e-004	
1.230335e-004	5.888755e+000	7.245145e-004	
1.288319e-004	5.888755e+000	7.586597e-004	
1.349036e-004	5.888755e+000	7.944143e-004	
1.412614e-004	5.888755e+000	8.318539e-004	
1.479189e-004	5.888755e+000	8.710579e-004	
1.548900e-004	5.888755e+000	9.121096e-004	
1.621898e-004	5.888755e+000	9.550960e-004	
1.698336e-004	5.888755e+000	1.000108e-003	
1.778376e-004	5.888755e+000	1.047242e-003	
1.862188e-004	5.888755e+000	1.096597e-003	
1.949950e-004	5.888755e+000	1.148278e-003	
2.041848e-004	5.888755e+000	1.202395e-003	
2.138078e-004	5.888755e+000	1.259062e-003	
2.238842e-004	5.888755e+000	1.318400e-003	
2.344356e-004	5.888755e+000	1.380534e-003	
2.454842e-004	5.888755e+000	1.445596e-003	
2.570535e-004	5.888755e+000	1.513725e-003	
2.691681e-004	5.888755e+000	1.585065e-003	
2.818536e-004	5.888755e+000	1.659767e-003	
2.951369e-004	5.888755e+000	1.737989e-003	
3.090463e-004	5.888755e+000	1.819898e-003	
3.236112e-004	5.888755e+000	1.905667e-003	
3.388625e-004	5.888755e+000	1.995478e-003	
3.548326e-004	5.888755e+000	2.089522e-003	
3.715554e-004	5.888755e+000	2.187999e-003	
3.890662e-004	5.888755e+000	2.291116e-003	
4.074023e-004	5.888755e+000	2.399093e-003	
4.266026e-004	5.888755e+000	2.512159e-003	
4.467078e-004	5.888755e+000	2.630553e-003	
4.677605e-004	5.888755e+000	2.754527e-003	
4.898054e-004	5.888755e+000	2.884344e-003	
5.128892e-004	5.888755e+000	3.020279e-003	
5.370609e-004	5.888755e+000	3.162620e-003	
5.623718e-004	5.888755e+000	3.311670e-003	
5.888756e-004	5.888755e+000	3.467744e-003	
6.166284e-004	5.888755e+000	3.631174e-003	
6.456892e-004	5.888755e+000	3.802306e-003	
6.761196e-004	5.888755e+000	3.981503e-003	
7.079841e-004	5.888755e+000	4.169145e-003	
7.413504e-004	5.888755e+000	4.365631e-003	
7.762891e-004	5.888755e+000	4.571377e-003	
8.128745e-004	5.888755e+000	4.786819e-003	
8.511841e-004	5.888755e+000	5.012415e-003	
8.912992e-004	5.888755e+000	5.248643e-003	
9.333048e-004	5.888755e+000	5.496004e-003	
9.772902e-004	5.888755e+000	5.755023e-003	
1.023348e-003	5.888755e+000	6.026248e-003	
1.071577e-003	5.888755e+000	6.310257e-003	
1.122079e-003	5.888755e+000	6.607650e-003	
1.174961e-003	5.888755e+000	6.919059e-003	
1.230335e-003	5.888755e+000	7.245144e-003	
1.288319e-003	5.888755e+000	7.586597e-003	
1.349036e-003	5.888755e+000	7.944143e-003	
1.412614e-003	5.888755e+000	8.318538e-003	
1.479189e-003	5.888755e+000	8.710580e-003	
1.548901e-003	5.888755e+000	9.121096e-003	
1.621898e-003	5.888755e+000	9.550960e-003	
1.698336e-003	5.888755e+000	1.000108e-002	
1.778376e-003	5.888755e+000	1.047242e-002	
1.862188e-003	5.888755e+000	1.096597e-002	
1.949950e-003	5.888755e+000	1.148278e-002	
2.041849e-003	5.888755e+000	1.202395e-002	
2.138078e-003	5.888755e+000	1.259062e-002	
2.238842e-003	5.888755e+000	1.318400e-002	
2.344356e-003	5.888755e+000	1.380534e-002	
2.454842e-003	5.888755e+000	1.445596e-002	
2.570535e-003	5.888755e+000	1.513725e-002	
2.691681e-003	5.888755e+000	1.585065e-002	
2.818536e-003	5.888755e+000	1.659767e-002	
2.951369e-003	5.888755e+000	1.737989e-002	
3.090463e-003	5.888755e+000	1.819898e-002	
3.236112e-003	5.888755e+000	1.905667e-002	
3.388625e-003	5.888755e+000	1.995478e-002	
3.548326e-003	5.888755e+000	2.089522e-002	
3.715554e-003	5.888755e+000	2.187999e-002	
3.890662e-003	5.888755e+000	2.291116e-002	
4.074024e-003	5.888755e+000	2.399093e-002	
4.266026e-003	5.888755e+000	2.512159e-002	
4.467078e-003	5.888755e+000	2.630553e-002	
4.677605e-003	5.888755e+000	2.754527e-002	
4.898054e-003	5.888755e+000	2.884344e-002	
5.128892e-003	5.888755e+000	3.020279e-002	
5.370609e-003	5.888755e+000	3.162620e-002	
5.623718e-003	5.888755e+000	3.311670e-002	
5.888755e-003	5.888755e+000	3.467744e-002	
6.166284e-003	5.888755e+000	3.631174e-002	
6.456892e-003	5.888755e+000	3.802306e-002	
6.761196e-003	5.888755e+000	3.981503e-002	
7.079841e-003	5.888755e+000	4.169145e-002	
7.413504e-003	5.888755e+000	4.365631e-002	
7.762892e-003	5.888755e+000	4.571377e-002	
8.128745e-003	5.888755e+000	4.786819e-002	
8.511841e-003	5.888755e+000	5.012415e-002	
8.912992e-003	5.888755e+000	5.248643e-002	
9.333048e-003	5.888755e+000	5.496004e-002	
9.772901e-003	5.888755e+000	5.755023e-002	
1.023348e-002	5.888755e+000	6.026248e-002	
1.071577e-002	5.888755e+000	6.310257e-002	
1.122079e-002	5.888755e+000	6.607650e-002	
1.174961e-002	5.888755e+000	6.919059e-002	
1.230335e-002	5.888755e+000	7.245144e-002	
1.288319e-002	5.888755e+000	7.586597e-002	
1.349036e-002	5.888755e+000	7.944143e-002	
1.412614e-002	5.888755e+000	8.318539e-002	
1.479188e-002	5.888755e+000	8.710579e-002	
1.548900e-002	5.888755e+000	9.121096e-002	
1.621898e-002	5.888755e+000	9.550960e-002	
1.698336e-002	5.888755e+000	1.000108e-001	
1.778376e-002	5.888755e+000	1.047242e-001	
1.862188e-002	5.888755e+000	1.096597e-001	
1.949950e-002	5.888755e+000	1.148278e-001	
2.041848e-002	5.888755e+000	1.202395e-001	
2.138078e-002	5.888755e+000	1.259062e-001	
2.238842e-002	5.888755e+000	1.318399e-001	
2.344356e-002	5.888755e+000	1.380534e-001	
2.454842e-002	5.888755e+000	1.445596e-001	
2.570535e-002	5.888755e+000	1.513725e-001	
2.691680e-002	5.888755e+000	1.585065e-001	
2.818535e-002	5.888755e+000	1.659767e-001	
2.951369e-002	5.888755e+000	1.737989e-001	
3.090463e-002	5.888755e+000	1.819898e-001	
3.236112e-002	5.888755e+000	1.905667e-001	
3.388625e-002	5.888755e+000	1.995478e-001	
3.548326e-002	5.888755e+000	2.089522e-001	
3.715553e-002	5.888755e+000	2.187998e-001	
3.890662e-002	5.888755e+000	2.291115e-001	
4.074023e-002	5.888755e+000	2.399092e-001	
4.266026e-002	5.888755e+000	2.512158e-001	
4.467078e-002	5.888755e+000	2.630552e-001	
4.677605e-002	5.888755e+000	2.754527e-001	
4.898053e-002	5.888755e+000	2.884343e-001	
5.128891e-002	5.888755e+000	3.020278e-001	
5.370608e-002	5.888755e+000	3.162620e-001	
5.623717e-002	5.888755e+000	3.311669e-001	
5.888755e-002	5.888755e+000	3.467743e-001	
6.166283e-002	5.888755e+000	3.631173e-001	
6.456891e-002	5.888755e+000	3.802305e-001	
6.761195e-002	5.888755e+000	3.981502e-001	
7.079840e-002	5.888755e+000	4.169144e-001	
7.413503e-002	5.888755e+000	4.365630e-001	
7.762890e-002	5.888754e+000	4.571375e-001	
8.128744e-002	5.888754e+000	4.786818e-001	
8.511840e-002	5.888754e+000	5.012413e-001	
8.912990e-002	5.888754e+000	5.248641e-001	
9.333047e-002	5.888754e+000	5.496002e-001	
9.772900e-002	5.888754e+000	5.755021e-001	
1.023348e-001	5.888754e+000	6.026246e-001	
1.071577e-001	5.888754e+000	6.310255e-001	
1.122079e-001	5.888754e+000	6.607647e-001	
1.174961e-001	5.888754e+000	6.919055e-001	
1.230335e-001	5.888754e+000	7.245141e-001	
1.288319e-001	5.888754e+000	7.586593e-001	
1.349036e-001	5.888754e+000	7.944138e-001	
1.412614e-001	5.888754e+000	8.318534e-001	
1.479188e-001	5.888754e+000	8.710574e-001	
1.548900e-001	5.888753e+000	9.121090e-001	
1.621897e-001	5.888753e+000	9.550954e-001	
1.698335e-001	5.888753e+000	1.000108e+000	
1.778375e-001	5.888753e+000	1.047241e+000	
1.862187e-001	5.888753e+000	1.096596e+000	
1.949949e-001	5.888753e+000	1.148277e+000	
2.041848e-001	5.888753e+000	1.202394e+000	
2.138077e-001	5.888753e+000	1.259061e+000	
2.238841e-001	5.888753e+000	1.318398e+000	
2.344355e-001	5.888752e+000	1.380532e+000	
2.454841e-001	5.888752e+000	1.445595e+000	
2.570534e-001	5.888752e+000	1.513724e+000	
2.691679e-001	5.888752e+000	1.585063e+000	
2.818534e-001	5.888752e+000	1.659765e+000	
2.951367e-001	5.888752e+000	1.737987e+000	
3.090461e-001	5.888752e+000	1.819896e+000	
3.236110e-001	5.888752e+000	1.905665e+000	
3.388623e-001	5.888752e+000	1.995476e+000	
3.548324e-001	5.888751e+000	2.089519e+000	
3.715551e-001	5.888751e+000	2.187995e+000	
3.890659e-001	5.888751e+000	2.291112e+000	
4.074020e-001	5.888751e+000	2.399089e+000	
4.266022e-001	5.888750e+000	2.512154e+000	
4.467074e-001	5.888750e+000	2.630548e+000	
4.677600e-001	5.888750e+000	2.754522e+000	
4.898048e-001	5.888750e+000	2.884338e+000	
5.128886e-001	5.888749e+000	3.020272e+000	
5.370603e-001	5.888749e+000	3.162613e+000	
5.623711e-001	5.888749e+000	3.311662e+000	
5.888748e-001	5.888748e+000	3.467735e+000	
6.166276e-001	5.888748e+000	3.631164e+000	
6.456883e-001	5.888748e+000	3.802295e+000	
6.761186e-001	5.888747e+000	3.981492e+000	
7.079831e-001	5.888747e+000	4.169133e+000	
7.413492e-001	5.888746e+000	4.365617e+000	
7.762879e-001	5.888746e+000	4.571362e+000	
8.128731e-001	5.888745e+000	4.786803e+000	
8.511826e-001	5.888745e+000	5.012397e+000	
8.912975e-001	5.888744e+000	5.248623e+000	
9.333030e-001	5.888744e+000	5.495982e+000	
9.772881e-001	5.888743e+000	5.754999e+000	
1.023346e+000	5.888743e+000	6.026223e+000	
1.071575e+000	5.888742e+000	6.310229e+000	
1.122077e+000	5.888741e+000	6.607619e+000	
1.174958e+000	5.888741e+000	6.919025e+000	
1.230332e+000	5.888740e+000	7.245107e+000	
1.288316e+000	5.888740e+000	7.586557e+000	
1.349032e+000	5.888739e+000	7.944098e+000	
1.412610e+000	5.888738e+000	8.318489e+000	
1.479184e+000	5.888737e+000	8.710525e+000	
1.548895e+000	5.888736e+000	9.121037e+000	
1.621892e+000	5.888735e+000	9.550895e+000	
1.698330e+000	5.888734e+000	1.000101e+001	
1.778369e+000	5.888733e+000	1.047234e+001	
1.862181e+000	5.888732e+000	1.096588e+001	
1.949942e+000	5.888731e+000	1.148269e+001	
2.041840e+000	5.888730e+000	1.202384e+001	
2.138068e+000	5.888729e+000	1.259050e+001	
2.238832e+000	5.888728e+000	1.318387e+001	
2.344344e+000	5.888726e+000	1.380520e+001	
2.454829e+000	5.888725e+000	1.445581e+001	
2.570521e+000	5.888723e+000	1.513709e+001	
2.691665e+000	5.888722e+000	1.585047e+001	
2.818519e+000	5.888721e+000	1.659747e+001	
2.951351e+000	5.888719e+000	1.737967e+001	
3.090443e+000	5.888717e+000	1.819874e+001	
3.236090e+000	5.888715e+000	1.905641e+001	
3.388601e+000	5.888713e+000	1.995450e+001	
3.548300e+000	5.888711e+000	2.089491e+001	
3.715524e+000	5.888710e+000	2.187964e+001	
3.890630e+000	5.888707e+000	2.291078e+001	
4.073988e+000	5.888705e+000	2.399052e+001	
4.265988e+000	5.888702e+000	2.512113e+001	
4.467036e+000	5.888700e+000	2.630503e+001	
4.677558e+000	5.888697e+000	2.754472e+001	
4.898003e+000	5.888695e+000	2.884284e+001	
5.128836e+000	5.888692e+000	3.020214e+001	
5.370548e+000	5.888689e+000	3.162548e+001	
5.623651e+000	5.888686e+000	3.311591e+001	
5.888682e+000	5.888682e+000	3.467658e+001	
6.166203e+000	5.888679e+000	3.631079e+001	
6.456804e+000	5.888675e+000	3.802202e+001	
6.761099e+000	5.888671e+000	3.981389e+001	
7.079735e+000	5.888668e+000	4.169021e+001	
7.413388e+000	5.888663e+000	4.365494e+001	
7.762764e+000	5.888659e+000	4.571227e+001	
8.128606e+000	5.888654e+000	4.786655e+001	
8.511688e+000	5.888649e+000	5.012235e+001	
8.912825e+000	5.888645e+000	5.248446e+001	
9.332865e+000	5.888639e+000	5.495788e+001	
9.772699e+000	5.888634e+000	5.754785e+001	
1.023326e+001	5.888628e+000	6.025988e+001	
1.071553e+001	5.888622e+000	6.309972e+001	
1.122053e+001	5.888616e+000	6.607337e+001	
1.174932e+001	5.888609e+000	6.918716e+001	
1.230303e+001	5.888602e+000	7.244767e+001	
1.288284e+001	5.888595e+000	7.586185e+001	
1.348997e+001	5.888587e+000	7.943690e+001	
1.412572e+001	5.888580e+000	8.318042e+001	
1.479142e+001	5.888571e+000	8.710035e+001	
1.548850e+001	5.888563e+000	9.120499e+001	
1.621842e+001	5.888554e+000	9.550306e+001	
1.698275e+001	5.888544e+000	1.000036e+002	
1.778309e+001	5.888534e+000	1.047163e+002	
1.862115e+001	5.888524e+000	1.096511e+002	
1.949870e+001	5.888513e+000	1.148183e+002	
2.041760e+001	5.888501e+000	1.202291e+002	
2.137981e+001	5.888489e+000	1.258948e+002	
2.238736e+001	5.888477e+000	1.318275e+002	
2.344240e+001	5.888463e+000	1.380397e+002	
2.454714e+001	5.888450e+000	1.445446e+002	
2.570395e+001	5.888435e+000	1.513561e+002	
2.691527e+001	5.888420e+000	1.584884e+002	
2.818368e+001	5.888404e+000	1.659569e+002	
2.951185e+001	5.888388e+000	1.737772e+002	
3.090261e+001	5.888371e+000	1.819660e+002	
3.235890e+001	5.888352e+000	1.905406e+002	
3.388382e+001	5.888333e+000	1.995192e+002	
3.548059e+001	5.888313e+000	2.089209e+002	
3.715261e+001	5.888292e+000	2.187655e+002	
3.890342e+001	5.888270e+000	2.290738e+002	
4.073672e+001	5.888247e+000	2.398679e+002	
4.265641e+001	5.888224e+000	2.511705e+002	
4.466655e+001	5.888198e+000	2.630055e+002	
4.677141e+001	5.888172e+000	2.753981e+002	
4.897545e+001	5.888144e+000	2.883745e+002	
5.128334e+001	5.888115e+000	3.019622e+002	
5.369997e+001	5.888085e+000	3.161900e+002	
5.623047e+001	5.888053e+000	3.310880e+002	
5.888020e+001	5.888020e+000	3.466878e+002	
6.165477e+001	5.887985e+000	3.630224e+002	
6.456007e+001	5.887949e+000	3.801264e+002	
6.760226e+001	5.887910e+000	3.980360e+002	
7.078777e+001	5.887870e+000	4.167892e+002	
7.412337e+001	5.887828e+000	4.364257e+002	
7.761611e+001	5.887784e+000	4.569869e+002	
8.127341e+001	5.887738e+000	4.785165e+002	
8.510300e+001	5.887690e+000	5.010601e+002	
8.911302e+001	5.887639e+000	5.246653e+002	
9.331194e+001	5.887586e+000	5.493821e+002	
9.770867e+001	5.887530e+000	5.752627e+002	
1.023125e+002	5.887471e+000	6.023620e+002	
1.071332e+002	5.887410e+000	6.307373e+002	
1.121810e+002	5.887345e+000	6.604486e+002	
1.174666e+002	5.887277e+000	6.915586e+002	
1.230012e+002	5.887206e+000	7.241332e+002	
1.287964e+002	5.887131e+000	7.582413e+002	
1.348646e+002	5.887053e+000	7.939550e+002	
1.412186e+002	5.886970e+000	8.313496e+002	
1.478718e+002	5.886883e+000	8.705042e+002	
1.548384e+002	5.886792e+000	9.115014e+002	
1.621330e+002	5.886695e+000	9.544277e+002	
1.697712e+002	5.886593e+000	9.993741e+002	
1.777690e+002	5.886486e+000	1.046435e+003	
1.861434e+002	5.886372e+000	1.095710e+003	
1.949121e+002	5.886251e+000	1.147302e+003	
2.040936e+002	5.886124e+000	1.201320e+003	
2.137073e+002	5.885987e+000	1.257878e+003	
2.237735e+002	5.885842e+000	1.317095e+003	
2.343134e+002	5.885687e+000	1.379095e+003	
2.453493e+002	5.885520e+000	1.444008e+003	
2.569044e+002	5.885339e+000	1.511969e+003	
2.690029e+002	5.885142e+000	1.583120e+003	
2.816703e+002	5.884927e+000	1.657609e+003	
2.949331e+002	5.884689e+000	1.735590e+003	
3.088189e+002	5.884424e+000	1.817221e+003	
3.233567e+002	5.884124e+000	1.902671e+003	
3.385762e+002	5.883780e+000	1.992108e+003	
3.545087e+002	5.883380e+000	2.085709e+003	
3.711862e+002	5.882905e+000	2.183654e+003	
3.886418e+002	5.882331e+000	2.286120e+003	
4.069088e+002	5.881621e+000	2.393283e+003	
4.260207e+002	5.880723e+000	2.505310e+003	
4.460101e+002	5.879559e+000	2.622343e+003	
4.669070e+002	5.878011e+000	2.744485e+003	
4.887364e+002	5.875903e+000	2.871767e+003	
5.115133e+002	5.872959e+000	3.004097e+003	
5.352357e+002	5.868743e+000	3.141161e+003	
5.598699e+002	5.862557e+000	3.282269e+003	
5.853264e+002	5.853264e+000	3.426070e+003	
6.114189e+002	5.839005e+000	3.570078e+003	
6.377989e+002	5.816795e+000	3.709946e+003	
6.638774e+002	5.782131e+000	3.838626e+003	
6.887953e+002	5.729150e+000	3.946212e+003	
7.115709e+002	5.652208e+000	4.021947e+003	
7.314575e+002	5.548673e+000	4.058618e+003	
7.482364e+002	5.420493e+000	4.055810e+003	
7.621663e+002	5.272902e+000	4.018828e+003	
7.737240e+002	5.111944e+000	3.955234e+003	
7.833960e+002	4.942894e+000	3.872244e+003	
7.915919e+002	4.769813e+000	3.775745e+003	
7.986393e+002	4.595689e+000	3.670298e+003	
8.088370e+002	4.444890e+000	3.595192e+003	
8.213412e+002	4.310460e+000	3.540359e+003	
8.334031e+002	4.176910e+000	3.481050e+003	
8.450494e+002	4.044661e+000	3.417938e+003	
8.563025e+002	3.914057e+000	3.351617e+003	
8.663074e+002	3.781569e+000	3.276001e+003	
8.700720e+002	3.627064e+000	3.155806e+003	
8.734384e+002	3.477221e+000	3.037138e+003	
8.765072e+002	3.332387e+000	2.920862e+003	
8.793206e+002	3.192620e+000	2.807336e+003	
8.819102e+002	3.057908e+000	2.696800e+003	
8.843021e+002	2.928200e+000	2.589413e+003	
8.865179e+002	2.803416e+000	2.485278e+003	
8.885757e+002	2.683456e+000	2.384454e+003	
8.904914e+002	2.568205e+000	2.286965e+003	
8.922783e+002	2.457539e+000	2.192808e+003	
8.939481e+002	2.351323e+000	2.101961e+003	
8.955111e+002	2.249422e+000	2.014382e+003	
8.969762e+002	2.151696e+000	1.930020e+003	
8.983514e+002	2.058004e+000	1.848811e+003	
8.996439e+002	1.968207e+000	1.770685e+003	
9.008599e+002	1.882163e+000	1.695565e+003	
9.020052e+002	1.799737e+000	1.623372e+003	
9.030848e+002	1.720793e+000	1.554022e+003	
9.041033e+002	1.645198e+000	1.487429e+003	
9.050651e+002	1.572823e+000	1.423507e+003	
9.059738e+002	1.503542e+000	1.362170e+003	
9.068330e+002	1.437233e+000	1.303331e+003	
9.076459e+002	1.373778e+000	1.246904e+003	
9.084154e+002	1.313060e+000	1.192804e+003	
9.091442e+002	1.254968e+000	1.140947e+003	
9.098349e+002	1.199396e+000	1.091252e+003	
9.104896e+002	1.146239e+000	1.043638e+003	
9.111106e+002	1.095396e+000	9.980267e+002	
9.116998e+002	1.046771e+000	9.543412e+002	
9.122590e+002	1.000272e+000	9.125071e+002	
9.127899e+002	9.558084e-001	8.724523e+002	
9.132942e+002	9.132942e-001	8.341063e+002	
9.137733e+002	8.726467e-001	7.974013e+002	
9.142286e+002	8.337864e-001	7.622714e+002	
9.146614e+002	7.966368e-001	7.286530e+002	
9.150729e+002	7.611246e-001	6.964845e+002	
9.154643e+002	7.271792e-001	6.657066e+002	
9.158366e+002	6.947331e-001	6.362620e+002	
9.161908e+002	6.637216e-001	6.080956e+002	
9.165279e+002	6.340824e-001	5.811542e+002	
9.168487e+002	6.057559e-001	5.553865e+002	
9.171541e+002	5.786851e-001	5.307434e+002	
9.174449e+002	5.528152e-001	5.071775e+002	
9.177218e+002	5.280938e-001	4.846432e+002	
9.179855e+002	5.044706e-001	4.630967e+002	
9.182368e+002	4.818975e-001	4.424960e+002	
9.184761e+002	4.603285e-001	4.228007e+002	
9.187041e+002	4.397194e-001	4.039720e+002	
9.189213e+002	4.200281e-001	3.859728e+002	
9.191284e+002	4.012141e-001	3.687673e+002	
9.193257e+002	3.832388e-001	3.523213e+002	
9.195139e+002	3.660651e-001	3.366019e+002	
9.196931e+002	3.496576e-001	3.215777e+002	
9.198641e+002	3.339825e-001	3.072185e+002	
9.200270e+002	3.190073e-001	2.934953e+002	
9.201824e+002	3.047011e-001	2.803806e+002	
9.203306e+002	2.910341e-001	2.678476e+002	
9.204720e+002	2.779781e-001	2.558710e+002	
9.206068e+002	2.655059e-001	2.444265e+002	
9.207353e+002	2.535916e-001	2.334907e+002	
9.208579e+002	2.422103e-001	2.230413e+002	
9.209749e+002	2.313384e-001	2.130569e+002	
9.210864e+002	2.209532e-001	2.035170e+002	
9.211928e+002	2.110331e-001	1.944022e+002	
9.212944e+002	2.015572e-001	1.856936e+002	
9.213912e+002	1.925059e-001	1.773733e+002	
9.214837e+002	1.838602e-001	1.694241e+002	
9.215719e+002	1.756019e-001	1.618298e+002	
9.216560e+002	1.677138e-001	1.545745e+002	
9.217363e+002	1.601794e-001	1.476432e+002	
9.218130e+002	1.529829e-001	1.410216e+002	
9.218861e+002	1.461091e-001	1.346960e+002	
9.219559e+002	1.395437e-001	1.286531e+002	
9.220225e+002	1.332728e-001	1.228805e+002	
9.220861e+002	1.272833e-001	1.173662e+002	
9.221467e+002	1.215626e-001	1.120986e+002	
9.222047e+002	1.160987e-001	1.070667e+002	
9.222599e+002	1.108800e-001	1.022602e+002	
9.223127e+002	1.058957e-001	9.766891e+001	
9.223630e+002	1.011351e-001	9.328328e+001	
9.224111e+002	9.658830e-002	8.909412e+001	
9.224570e+002	9.224570e-002	8.509269e+001	
9.225008e+002	8.809814e-002	8.127060e+001	
9.225426e+002	8.413688e-002	7.761986e+001	
9.225825e+002	8.035358e-002	7.413281e+001	
9.226206e+002	7.674024e-002	7.080213e+001	
9.226570e+002	7.328925e-002	6.762084e+001	
9.226917e+002	6.999332e-002	6.458226e+001	
9.227249e+002	6.684551e-002	6.168001e+001	
9.227565e+002	6.383915e-002	5.890799e+001	
9.227867e+002	6.096791e-002	5.626038e+001	
9.228156e+002	5.822573e-002	5.373161e+001	
9.228431e+002	5.560680e-002	5.131635e+001	
9.228694e+002	5.310559e-002	4.900953e+001	
9.228945e+002	5.071683e-002	4.680628e+001	
9.229185e+002	4.843545e-002	4.470198e+001	
9.229414e+002	4.625664e-002	4.269217e+001	
9.229633e+002	4.417580e-002	4.077264e+001	
9.229841e+002	4.218851e-002	3.893933e+001	
9.230040e+002	4.029059e-002	3.718837e+001	
9.230231e+002	3.847801e-002	3.551609e+001	
9.230412e+002	3.674693e-002	3.391893e+001	
9.230586e+002	3.509371e-002	3.239355e+001	
9.230751e+002	3.351483e-002	3.093671e+001	
9.230909e+002	3.200696e-002	2.954534e+001	
9.231060e+002	3.056691e-002	2.821650e+001	
9.231204e+002	2.919163e-002	2.694739e+001	
9.231342e+002	2.787821e-002	2.573533e+001	
9.231473e+002	2.662386e-002	2.457775e+001	
9.231599e+002	2.542594e-002	2.347220e+001	
9.231719e+002	2.428189e-002	2.241636e+001	
9.231833e+002	2.318932e-002	2.140799e+001	
9.231943e+002	2.214589e-002	2.044496e+001	
9.232047e+002	2.114940e-002	1.952522e+001	
9.232147e+002	2.019774e-002	1.864685e+001	
9.232242e+002	1.928889e-002	1.780797e+001	
9.232333e+002	1.842093e-002	1.700681e+001	
9.232420e+002	1.759201e-002	1.624169e+001	
9.232503e+002	1.680039e-002	1.551097e+001	
9.232582e+002	1.604439e-002	1.481311e+001	
9.232659e+002	1.532240e-002	1.414665e+001	
9.232731e+002	1.463289e-002	1.351016e+001	
9.232801e+002	1.397441e-002	1.290229e+001	
9.232867e+002	1.334555e-002	1.232177e+001	
9.232932e+002	1.274499e-002	1.176736e+001	
9.232993e+002	1.217145e-002	1.123790e+001	
9.233051e+002	1.162372e-002	1.073224e+001	
9.233108e+002	1.110064e-002	1.024934e+001	
9.233162e+002	1.060109e-002	9.788157e+000	
9.233215e+002	1.012402e-002	9.347724e+000	
9.233265e+002	9.668415e-003	8.927105e+000	
9.233294e+002	9.233294e-003	8.525372e+000	
