V(out)	I(R1)	power

% Ifail is 100% of Iphoto
%Step Information: Ifailure=5.889  (Run: 6/6)
5.888766e-020	5.888766e+000	3.467756e-019	
6.166295e-020	5.888766e+000	3.631187e-019	
6.456903e-020	5.888766e+000	3.802319e-019	
6.761208e-020	5.888766e+000	3.981517e-019	
7.079854e-020	5.888766e+000	4.169160e-019	
7.413517e-020	5.888766e+000	4.365647e-019	
7.762905e-020	5.888766e+000	4.571393e-019	
8.128760e-020	5.888766e+000	4.786836e-019	
8.511857e-020	5.888766e+000	5.012433e-019	
8.913008e-020	5.888766e+000	5.248662e-019	
9.333065e-020	5.888766e+000	5.496024e-019	
9.772919e-020	5.888766e+000	5.755043e-019	
1.023350e-019	5.888766e+000	6.026270e-019	
1.071579e-019	5.888766e+000	6.310279e-019	
1.122081e-019	5.888766e+000	6.607674e-019	
1.174963e-019	5.888766e+000	6.919084e-019	
1.230338e-019	5.888766e+000	7.245170e-019	
1.288322e-019	5.888766e+000	7.586625e-019	
1.349038e-019	5.888766e+000	7.944171e-019	
1.412617e-019	5.888766e+000	8.318568e-019	
1.479191e-019	5.888766e+000	8.710610e-019	
1.548903e-019	5.888766e+000	9.121129e-019	
1.621901e-019	5.888766e+000	9.550994e-019	
1.698339e-019	5.888766e+000	1.000112e-018	
1.778379e-019	5.888766e+000	1.047246e-018	
1.862191e-019	5.888766e+000	1.096601e-018	
1.949954e-019	5.888766e+000	1.148282e-018	
2.041852e-019	5.888766e+000	1.202399e-018	
2.138082e-019	5.888766e+000	1.259066e-018	
2.238846e-019	5.888766e+000	1.318404e-018	
2.344360e-019	5.888766e+000	1.380539e-018	
2.454846e-019	5.888766e+000	1.445601e-018	
2.570539e-019	5.888766e+000	1.513731e-018	
2.691686e-019	5.888766e+000	1.585071e-018	
2.818541e-019	5.888766e+000	1.659773e-018	
2.951374e-019	5.888766e+000	1.737995e-018	
3.090468e-019	5.888766e+000	1.819904e-018	
3.236118e-019	5.888766e+000	1.905674e-018	
3.388631e-019	5.888766e+000	1.995486e-018	
3.548332e-019	5.888766e+000	2.089530e-018	
3.715560e-019	5.888766e+000	2.188006e-018	
3.890669e-019	5.888766e+000	2.291124e-018	
4.074031e-019	5.888766e+000	2.399101e-018	
4.266034e-019	5.888766e+000	2.512167e-018	
4.467086e-019	5.888766e+000	2.630562e-018	
4.677613e-019	5.888766e+000	2.754537e-018	
4.898062e-019	5.888766e+000	2.884354e-018	
5.128901e-019	5.888766e+000	3.020290e-018	
5.370619e-019	5.888766e+000	3.162631e-018	
5.623728e-019	5.888766e+000	3.311682e-018	
5.888766e-019	5.888766e+000	3.467756e-018	
6.166295e-019	5.888766e+000	3.631187e-018	
6.456904e-019	5.888766e+000	3.802319e-018	
6.761208e-019	5.888766e+000	3.981517e-018	
7.079854e-019	5.888766e+000	4.169160e-018	
7.413517e-019	5.888766e+000	4.365647e-018	
7.762905e-019	5.888766e+000	4.571393e-018	
8.128760e-019	5.888766e+000	4.786836e-018	
8.511857e-019	5.888766e+000	5.012433e-018	
8.913008e-019	5.888766e+000	5.248661e-018	
9.333065e-019	5.888766e+000	5.496024e-018	
9.772919e-019	5.888766e+000	5.755043e-018	
1.023350e-018	5.888766e+000	6.026270e-018	
1.071579e-018	5.888766e+000	6.310280e-018	
1.122081e-018	5.888766e+000	6.607674e-018	
1.174963e-018	5.888766e+000	6.919084e-018	
1.230338e-018	5.888766e+000	7.245170e-018	
1.288322e-018	5.888766e+000	7.586624e-018	
1.349038e-018	5.888766e+000	7.944171e-018	
1.412617e-018	5.888766e+000	8.318568e-018	
1.479191e-018	5.888766e+000	8.710610e-018	
1.548903e-018	5.888766e+000	9.121128e-018	
1.621901e-018	5.888766e+000	9.550994e-018	
1.698339e-018	5.888766e+000	1.000112e-017	
1.778379e-018	5.888766e+000	1.047246e-017	
1.862191e-018	5.888766e+000	1.096601e-017	
1.949954e-018	5.888766e+000	1.148282e-017	
2.041852e-018	5.888766e+000	1.202399e-017	
2.138082e-018	5.888766e+000	1.259066e-017	
2.238846e-018	5.888766e+000	1.318404e-017	
2.344360e-018	5.888766e+000	1.380539e-017	
2.454846e-018	5.888766e+000	1.445601e-017	
2.570540e-018	5.888766e+000	1.513731e-017	
2.691685e-018	5.888766e+000	1.585071e-017	
2.818541e-018	5.888766e+000	1.659773e-017	
2.951374e-018	5.888766e+000	1.737995e-017	
3.090468e-018	5.888766e+000	1.819904e-017	
3.236118e-018	5.888766e+000	1.905674e-017	
3.388631e-018	5.888766e+000	1.995486e-017	
3.548332e-018	5.888766e+000	2.089530e-017	
3.715560e-018	5.888766e+000	2.188006e-017	
3.890669e-018	5.888766e+000	2.291124e-017	
4.074031e-018	5.888766e+000	2.399101e-017	
4.266034e-018	5.888766e+000	2.512167e-017	
4.467086e-018	5.888766e+000	2.630562e-017	
4.677613e-018	5.888766e+000	2.754537e-017	
4.898062e-018	5.888766e+000	2.884354e-017	
5.128901e-018	5.888766e+000	3.020290e-017	
5.370619e-018	5.888766e+000	3.162632e-017	
5.623728e-018	5.888766e+000	3.311682e-017	
5.888766e-018	5.888766e+000	3.467757e-017	
6.166295e-018	5.888766e+000	3.631187e-017	
6.456904e-018	5.888766e+000	3.802319e-017	
6.761208e-018	5.888766e+000	3.981517e-017	
7.079854e-018	5.888766e+000	4.169160e-017	
7.413517e-018	5.888766e+000	4.365646e-017	
7.762906e-018	5.888766e+000	4.571393e-017	
8.128760e-018	5.888766e+000	4.786836e-017	
8.511856e-018	5.888766e+000	5.012433e-017	
8.913008e-018	5.888766e+000	5.248662e-017	
9.333065e-018	5.888766e+000	5.496023e-017	
9.772919e-018	5.888766e+000	5.755043e-017	
1.023350e-017	5.888766e+000	6.026270e-017	
1.071579e-017	5.888766e+000	6.310279e-017	
1.122081e-017	5.888766e+000	6.607674e-017	
1.174963e-017	5.888766e+000	6.919084e-017	
1.230338e-017	5.888766e+000	7.245170e-017	
1.288322e-017	5.888766e+000	7.586624e-017	
1.349038e-017	5.888766e+000	7.944171e-017	
1.412617e-017	5.888766e+000	8.318568e-017	
1.479191e-017	5.888766e+000	8.710610e-017	
1.548903e-017	5.888766e+000	9.121129e-017	
1.621901e-017	5.888766e+000	9.550994e-017	
1.698339e-017	5.888766e+000	1.000112e-016	
1.778379e-017	5.888766e+000	1.047246e-016	
1.862191e-017	5.888766e+000	1.096601e-016	
1.949954e-017	5.888766e+000	1.148282e-016	
2.041852e-017	5.888766e+000	1.202399e-016	
2.138082e-017	5.888766e+000	1.259066e-016	
2.238846e-017	5.888766e+000	1.318404e-016	
2.344360e-017	5.888766e+000	1.380539e-016	
2.454846e-017	5.888766e+000	1.445601e-016	
2.570540e-017	5.888766e+000	1.513731e-016	
2.691685e-017	5.888766e+000	1.585071e-016	
2.818541e-017	5.888766e+000	1.659773e-016	
2.951374e-017	5.888766e+000	1.737995e-016	
3.090468e-017	5.888766e+000	1.819904e-016	
3.236117e-017	5.888766e+000	1.905674e-016	
3.388631e-017	5.888766e+000	1.995485e-016	
3.548333e-017	5.888766e+000	2.089530e-016	
3.715560e-017	5.888766e+000	2.188006e-016	
3.890669e-017	5.888766e+000	2.291124e-016	
4.074031e-017	5.888766e+000	2.399101e-016	
4.266034e-017	5.888766e+000	2.512167e-016	
4.467086e-017	5.888766e+000	2.630562e-016	
4.677613e-017	5.888766e+000	2.754537e-016	
4.898062e-017	5.888766e+000	2.884354e-016	
5.128901e-017	5.888766e+000	3.020289e-016	
5.370618e-017	5.888766e+000	3.162631e-016	
5.623728e-017	5.888766e+000	3.311682e-016	
5.888766e-017	5.888766e+000	3.467757e-016	
6.166295e-017	5.888766e+000	3.631187e-016	
6.456904e-017	5.888766e+000	3.802319e-016	
6.761208e-017	5.888766e+000	3.981517e-016	
7.079854e-017	5.888766e+000	4.169160e-016	
7.413517e-017	5.888766e+000	4.365646e-016	
7.762905e-017	5.888766e+000	4.571393e-016	
8.128760e-017	5.888766e+000	4.786836e-016	
8.511857e-017	5.888766e+000	5.012433e-016	
8.913008e-017	5.888766e+000	5.248662e-016	
9.333065e-017	5.888766e+000	5.496023e-016	
9.772919e-017	5.888766e+000	5.755043e-016	
1.023350e-016	5.888766e+000	6.026270e-016	
1.071579e-016	5.888766e+000	6.310279e-016	
1.122081e-016	5.888766e+000	6.607674e-016	
1.174963e-016	5.888766e+000	6.919084e-016	
1.230338e-016	5.888766e+000	7.245170e-016	
1.288322e-016	5.888766e+000	7.586624e-016	
1.349038e-016	5.888766e+000	7.944171e-016	
1.412617e-016	5.888766e+000	8.318568e-016	
1.479191e-016	5.888766e+000	8.710610e-016	
1.548903e-016	5.888766e+000	9.121128e-016	
1.621901e-016	5.888766e+000	9.550994e-016	
1.698339e-016	5.888766e+000	1.000112e-015	
1.778379e-016	5.888766e+000	1.047246e-015	
1.862191e-016	5.888766e+000	1.096601e-015	
1.949954e-016	5.888766e+000	1.148282e-015	
2.041852e-016	5.888766e+000	1.202399e-015	
2.138082e-016	5.888766e+000	1.259066e-015	
2.238847e-016	5.888766e+000	1.318404e-015	
2.344360e-016	5.888766e+000	1.380539e-015	
2.454846e-016	5.888766e+000	1.445601e-015	
2.570540e-016	5.888766e+000	1.513731e-015	
2.691685e-016	5.888766e+000	1.585071e-015	
2.818541e-016	5.888766e+000	1.659773e-015	
2.951374e-016	5.888766e+000	1.737995e-015	
3.090468e-016	5.888766e+000	1.819904e-015	
3.236118e-016	5.888766e+000	1.905674e-015	
3.388631e-016	5.888766e+000	1.995486e-015	
3.548332e-016	5.888766e+000	2.089530e-015	
3.715560e-016	5.888766e+000	2.188006e-015	
3.890669e-016	5.888766e+000	2.291124e-015	
4.074031e-016	5.888766e+000	2.399101e-015	
4.266034e-016	5.888766e+000	2.512167e-015	
4.467086e-016	5.888766e+000	2.630562e-015	
4.677613e-016	5.888766e+000	2.754537e-015	
4.898062e-016	5.888766e+000	2.884354e-015	
5.128901e-016	5.888766e+000	3.020290e-015	
5.370618e-016	5.888766e+000	3.162631e-015	
5.623728e-016	5.888766e+000	3.311682e-015	
5.888766e-016	5.888766e+000	3.467756e-015	
6.166295e-016	5.888766e+000	3.631187e-015	
6.456904e-016	5.888766e+000	3.802319e-015	
6.761208e-016	5.888766e+000	3.981517e-015	
7.079854e-016	5.888766e+000	4.169160e-015	
7.413517e-016	5.888766e+000	4.365647e-015	
7.762906e-016	5.888766e+000	4.571393e-015	
8.128760e-016	5.888766e+000	4.786836e-015	
8.511857e-016	5.888766e+000	5.012433e-015	
8.913008e-016	5.888766e+000	5.248662e-015	
9.333065e-016	5.888766e+000	5.496024e-015	
9.772919e-016	5.888766e+000	5.755043e-015	
1.023350e-015	5.888766e+000	6.026270e-015	
1.071579e-015	5.888766e+000	6.310279e-015	
1.122081e-015	5.888766e+000	6.607674e-015	
1.174963e-015	5.888766e+000	6.919084e-015	
1.230338e-015	5.888766e+000	7.245170e-015	
1.288322e-015	5.888766e+000	7.586625e-015	
1.349038e-015	5.888766e+000	7.944171e-015	
1.412617e-015	5.888766e+000	8.318568e-015	
1.479191e-015	5.888766e+000	8.710610e-015	
1.548903e-015	5.888766e+000	9.121129e-015	
1.621901e-015	5.888766e+000	9.550994e-015	
1.698339e-015	5.888766e+000	1.000112e-014	
1.778379e-015	5.888766e+000	1.047246e-014	
1.862191e-015	5.888766e+000	1.096601e-014	
1.949954e-015	5.888766e+000	1.148282e-014	
2.041852e-015	5.888766e+000	1.202399e-014	
2.138082e-015	5.888766e+000	1.259066e-014	
2.238846e-015	5.888766e+000	1.318404e-014	
2.344360e-015	5.888766e+000	1.380539e-014	
2.454846e-015	5.888766e+000	1.445602e-014	
2.570540e-015	5.888766e+000	1.513731e-014	
2.691685e-015	5.888766e+000	1.585071e-014	
2.818541e-015	5.888766e+000	1.659773e-014	
2.951374e-015	5.888766e+000	1.737995e-014	
3.090468e-015	5.888766e+000	1.819904e-014	
3.236118e-015	5.888766e+000	1.905674e-014	
3.388631e-015	5.888766e+000	1.995486e-014	
3.548332e-015	5.888766e+000	2.089530e-014	
3.715560e-015	5.888766e+000	2.188006e-014	
3.890669e-015	5.888766e+000	2.291124e-014	
4.074031e-015	5.888766e+000	2.399101e-014	
4.266034e-015	5.888766e+000	2.512168e-014	
4.467086e-015	5.888766e+000	2.630562e-014	
4.677613e-015	5.888766e+000	2.754537e-014	
4.898062e-015	5.888766e+000	2.884354e-014	
5.128901e-015	5.888766e+000	3.020290e-014	
5.370618e-015	5.888766e+000	3.162631e-014	
5.623728e-015	5.888766e+000	3.311682e-014	
5.888766e-015	5.888766e+000	3.467756e-014	
6.166295e-015	5.888766e+000	3.631187e-014	
6.456903e-015	5.888766e+000	3.802319e-014	
6.761208e-015	5.888766e+000	3.981517e-014	
7.079854e-015	5.888766e+000	4.169160e-014	
7.413517e-015	5.888766e+000	4.365647e-014	
7.762905e-015	5.888766e+000	4.571393e-014	
8.128760e-015	5.888766e+000	4.786836e-014	
8.511857e-015	5.888766e+000	5.012433e-014	
8.913008e-015	5.888766e+000	5.248662e-014	
9.333066e-015	5.888766e+000	5.496024e-014	
9.772919e-015	5.888766e+000	5.755043e-014	
1.023350e-014	5.888766e+000	6.026270e-014	
1.071579e-014	5.888766e+000	6.310279e-014	
1.122081e-014	5.888766e+000	6.607674e-014	
1.174963e-014	5.888766e+000	6.919084e-014	
1.230338e-014	5.888766e+000	7.245170e-014	
1.288322e-014	5.888766e+000	7.586624e-014	
1.349038e-014	5.888766e+000	7.944171e-014	
1.412617e-014	5.888766e+000	8.318568e-014	
1.479191e-014	5.888766e+000	8.710610e-014	
1.548903e-014	5.888766e+000	9.121129e-014	
1.621901e-014	5.888766e+000	9.550995e-014	
1.698339e-014	5.888766e+000	1.000112e-013	
1.778379e-014	5.888766e+000	1.047246e-013	
1.862191e-014	5.888766e+000	1.096601e-013	
1.949954e-014	5.888766e+000	1.148282e-013	
2.041852e-014	5.888766e+000	1.202399e-013	
2.138082e-014	5.888766e+000	1.259066e-013	
2.238846e-014	5.888766e+000	1.318404e-013	
2.344360e-014	5.888766e+000	1.380539e-013	
2.454846e-014	5.888766e+000	1.445602e-013	
2.570540e-014	5.888766e+000	1.513731e-013	
2.691685e-014	5.888766e+000	1.585070e-013	
2.818541e-014	5.888766e+000	1.659773e-013	
2.951374e-014	5.888766e+000	1.737995e-013	
3.090468e-014	5.888766e+000	1.819905e-013	
3.236117e-014	5.888766e+000	1.905674e-013	
3.388631e-014	5.888766e+000	1.995486e-013	
3.548332e-014	5.888766e+000	2.089530e-013	
3.715560e-014	5.888766e+000	2.188006e-013	
3.890669e-014	5.888766e+000	2.291124e-013	
4.074031e-014	5.888766e+000	2.399101e-013	
4.266034e-014	5.888766e+000	2.512168e-013	
4.467086e-014	5.888766e+000	2.630562e-013	
4.677613e-014	5.888766e+000	2.754537e-013	
4.898062e-014	5.888766e+000	2.884354e-013	
5.128901e-014	5.888766e+000	3.020290e-013	
5.370619e-014	5.888766e+000	3.162631e-013	
5.623728e-014	5.888766e+000	3.311682e-013	
5.888766e-014	5.888766e+000	3.467756e-013	
6.166295e-014	5.888766e+000	3.631187e-013	
6.456904e-014	5.888766e+000	3.802319e-013	
6.761208e-014	5.888766e+000	3.981517e-013	
7.079854e-014	5.888766e+000	4.169160e-013	
7.413517e-014	5.888766e+000	4.365647e-013	
7.762905e-014	5.888766e+000	4.571393e-013	
8.128760e-014	5.888766e+000	4.786836e-013	
8.511856e-014	5.888766e+000	5.012433e-013	
8.913008e-014	5.888766e+000	5.248662e-013	
9.333065e-014	5.888766e+000	5.496023e-013	
9.772919e-014	5.888766e+000	5.755043e-013	
1.023350e-013	5.888766e+000	6.026270e-013	
1.071579e-013	5.888766e+000	6.310279e-013	
1.122081e-013	5.888766e+000	6.607673e-013	
1.174963e-013	5.888766e+000	6.919084e-013	
1.230338e-013	5.888766e+000	7.245170e-013	
1.288322e-013	5.888766e+000	7.586625e-013	
1.349038e-013	5.888766e+000	7.944171e-013	
1.412617e-013	5.888766e+000	8.318569e-013	
1.479191e-013	5.888766e+000	8.710610e-013	
1.548903e-013	5.888766e+000	9.121129e-013	
1.621901e-013	5.888766e+000	9.550994e-013	
1.698339e-013	5.888766e+000	1.000112e-012	
1.778379e-013	5.888766e+000	1.047246e-012	
1.862191e-013	5.888766e+000	1.096601e-012	
1.949954e-013	5.888766e+000	1.148282e-012	
2.041852e-013	5.888766e+000	1.202399e-012	
2.138082e-013	5.888766e+000	1.259066e-012	
2.238846e-013	5.888766e+000	1.318404e-012	
2.344360e-013	5.888766e+000	1.380539e-012	
2.454846e-013	5.888766e+000	1.445601e-012	
2.570540e-013	5.888766e+000	1.513731e-012	
2.691685e-013	5.888766e+000	1.585070e-012	
2.818540e-013	5.888766e+000	1.659772e-012	
2.951374e-013	5.888766e+000	1.737995e-012	
3.090468e-013	5.888766e+000	1.819904e-012	
3.236118e-013	5.888766e+000	1.905674e-012	
3.388631e-013	5.888766e+000	1.995485e-012	
3.548332e-013	5.888766e+000	2.089530e-012	
3.715560e-013	5.888766e+000	2.188006e-012	
3.890669e-013	5.888766e+000	2.291124e-012	
4.074031e-013	5.888766e+000	2.399101e-012	
4.266034e-013	5.888766e+000	2.512167e-012	
4.467086e-013	5.888766e+000	2.630562e-012	
4.677613e-013	5.888766e+000	2.754537e-012	
4.898062e-013	5.888766e+000	2.884354e-012	
5.128901e-013	5.888766e+000	3.020290e-012	
5.370618e-013	5.888766e+000	3.162631e-012	
5.623728e-013	5.888766e+000	3.311682e-012	
5.888766e-013	5.888766e+000	3.467756e-012	
6.166295e-013	5.888766e+000	3.631187e-012	
6.456904e-013	5.888766e+000	3.802319e-012	
6.761208e-013	5.888766e+000	3.981517e-012	
7.079854e-013	5.888766e+000	4.169160e-012	
7.413517e-013	5.888766e+000	4.365647e-012	
7.762905e-013	5.888766e+000	4.571393e-012	
8.128760e-013	5.888766e+000	4.786836e-012	
8.511857e-013	5.888766e+000	5.012433e-012	
8.913008e-013	5.888766e+000	5.248662e-012	
9.333065e-013	5.888766e+000	5.496023e-012	
9.772919e-013	5.888766e+000	5.755043e-012	
1.023350e-012	5.888766e+000	6.026270e-012	
1.071579e-012	5.888766e+000	6.310279e-012	
1.122081e-012	5.888766e+000	6.607674e-012	
1.174963e-012	5.888766e+000	6.919084e-012	
1.230338e-012	5.888766e+000	7.245170e-012	
1.288322e-012	5.888766e+000	7.586625e-012	
1.349038e-012	5.888766e+000	7.944171e-012	
1.412617e-012	5.888766e+000	8.318568e-012	
1.479191e-012	5.888766e+000	8.710610e-012	
1.548903e-012	5.888766e+000	9.121129e-012	
1.621901e-012	5.888766e+000	9.550994e-012	
1.698339e-012	5.888766e+000	1.000112e-011	
1.778379e-012	5.888766e+000	1.047246e-011	
1.862191e-012	5.888766e+000	1.096601e-011	
1.949954e-012	5.888766e+000	1.148282e-011	
2.041852e-012	5.888766e+000	1.202399e-011	
2.138082e-012	5.888766e+000	1.259066e-011	
2.238846e-012	5.888766e+000	1.318404e-011	
2.344360e-012	5.888766e+000	1.380539e-011	
2.454846e-012	5.888766e+000	1.445601e-011	
2.570540e-012	5.888766e+000	1.513731e-011	
2.691685e-012	5.888766e+000	1.585071e-011	
2.818541e-012	5.888766e+000	1.659773e-011	
2.951374e-012	5.888766e+000	1.737995e-011	
3.090468e-012	5.888766e+000	1.819904e-011	
3.236118e-012	5.888766e+000	1.905674e-011	
3.388631e-012	5.888766e+000	1.995486e-011	
3.548332e-012	5.888766e+000	2.089530e-011	
3.715560e-012	5.888766e+000	2.188006e-011	
3.890669e-012	5.888766e+000	2.291124e-011	
4.074031e-012	5.888766e+000	2.399101e-011	
4.266034e-012	5.888766e+000	2.512167e-011	
4.467086e-012	5.888766e+000	2.630562e-011	
4.677613e-012	5.888766e+000	2.754537e-011	
4.898062e-012	5.888766e+000	2.884354e-011	
5.128901e-012	5.888766e+000	3.020290e-011	
5.370618e-012	5.888766e+000	3.162631e-011	
5.623728e-012	5.888766e+000	3.311682e-011	
5.888766e-012	5.888766e+000	3.467756e-011	
6.166295e-012	5.888766e+000	3.631187e-011	
6.456904e-012	5.888766e+000	3.802319e-011	
6.761208e-012	5.888766e+000	3.981517e-011	
7.079854e-012	5.888766e+000	4.169160e-011	
7.413517e-012	5.888766e+000	4.365646e-011	
7.762906e-012	5.888766e+000	4.571393e-011	
8.128760e-012	5.888766e+000	4.786836e-011	
8.511857e-012	5.888766e+000	5.012433e-011	
8.913008e-012	5.888766e+000	5.248662e-011	
9.333066e-012	5.888766e+000	5.496024e-011	
9.772919e-012	5.888766e+000	5.755043e-011	
1.023350e-011	5.888766e+000	6.026270e-011	
1.071579e-011	5.888766e+000	6.310279e-011	
1.122081e-011	5.888766e+000	6.607674e-011	
1.174963e-011	5.888766e+000	6.919083e-011	
1.230338e-011	5.888766e+000	7.245170e-011	
1.288322e-011	5.888766e+000	7.586624e-011	
1.349038e-011	5.888766e+000	7.944171e-011	
1.412617e-011	5.888766e+000	8.318568e-011	
1.479191e-011	5.888766e+000	8.710610e-011	
1.548903e-011	5.888766e+000	9.121128e-011	
1.621901e-011	5.888766e+000	9.550994e-011	
1.698339e-011	5.888766e+000	1.000112e-010	
1.778379e-011	5.888766e+000	1.047246e-010	
1.862191e-011	5.888766e+000	1.096601e-010	
1.949954e-011	5.888766e+000	1.148282e-010	
2.041852e-011	5.888766e+000	1.202399e-010	
2.138082e-011	5.888766e+000	1.259066e-010	
2.238846e-011	5.888766e+000	1.318404e-010	
2.344360e-011	5.888766e+000	1.380539e-010	
2.454846e-011	5.888766e+000	1.445601e-010	
2.570540e-011	5.888766e+000	1.513731e-010	
2.691685e-011	5.888766e+000	1.585071e-010	
2.818541e-011	5.888766e+000	1.659773e-010	
2.951374e-011	5.888766e+000	1.737995e-010	
3.090469e-011	5.888766e+000	1.819905e-010	
3.236118e-011	5.888766e+000	1.905674e-010	
3.388631e-011	5.888766e+000	1.995485e-010	
3.548332e-011	5.888766e+000	2.089530e-010	
3.715560e-011	5.888766e+000	2.188006e-010	
3.890669e-011	5.888766e+000	2.291124e-010	
4.074031e-011	5.888766e+000	2.399101e-010	
4.266034e-011	5.888766e+000	2.512167e-010	
4.467086e-011	5.888766e+000	2.630562e-010	
4.677613e-011	5.888766e+000	2.754537e-010	
4.898062e-011	5.888766e+000	2.884354e-010	
5.128901e-011	5.888766e+000	3.020290e-010	
5.370619e-011	5.888766e+000	3.162631e-010	
5.623728e-011	5.888766e+000	3.311682e-010	
5.888766e-011	5.888766e+000	3.467756e-010	
6.166295e-011	5.888766e+000	3.631187e-010	
6.456904e-011	5.888766e+000	3.802319e-010	
6.761208e-011	5.888766e+000	3.981517e-010	
7.079854e-011	5.888766e+000	4.169160e-010	
7.413517e-011	5.888766e+000	4.365647e-010	
7.762906e-011	5.888766e+000	4.571393e-010	
8.128760e-011	5.888766e+000	4.786836e-010	
8.511856e-011	5.888766e+000	5.012433e-010	
8.913008e-011	5.888766e+000	5.248662e-010	
9.333065e-011	5.888766e+000	5.496023e-010	
9.772919e-011	5.888766e+000	5.755043e-010	
1.023350e-010	5.888766e+000	6.026270e-010	
1.071579e-010	5.888766e+000	6.310279e-010	
1.122081e-010	5.888766e+000	6.607674e-010	
1.174963e-010	5.888766e+000	6.919084e-010	
1.230338e-010	5.888766e+000	7.245170e-010	
1.288322e-010	5.888766e+000	7.586625e-010	
1.349038e-010	5.888766e+000	7.944171e-010	
1.412617e-010	5.888766e+000	8.318568e-010	
1.479191e-010	5.888766e+000	8.710610e-010	
1.548903e-010	5.888766e+000	9.121128e-010	
1.621901e-010	5.888766e+000	9.550994e-010	
1.698339e-010	5.888766e+000	1.000112e-009	
1.778379e-010	5.888766e+000	1.047246e-009	
1.862191e-010	5.888766e+000	1.096601e-009	
1.949954e-010	5.888766e+000	1.148282e-009	
2.041852e-010	5.888766e+000	1.202399e-009	
2.138082e-010	5.888766e+000	1.259066e-009	
2.238846e-010	5.888766e+000	1.318404e-009	
2.344360e-010	5.888766e+000	1.380539e-009	
2.454846e-010	5.888766e+000	1.445602e-009	
2.570540e-010	5.888766e+000	1.513731e-009	
2.691685e-010	5.888766e+000	1.585071e-009	
2.818541e-010	5.888766e+000	1.659773e-009	
2.951374e-010	5.888766e+000	1.737995e-009	
3.090468e-010	5.888766e+000	1.819904e-009	
3.236117e-010	5.888766e+000	1.905674e-009	
3.388631e-010	5.888766e+000	1.995485e-009	
3.548332e-010	5.888766e+000	2.089530e-009	
3.715560e-010	5.888766e+000	2.188006e-009	
3.890669e-010	5.888766e+000	2.291124e-009	
4.074031e-010	5.888766e+000	2.399101e-009	
4.266034e-010	5.888766e+000	2.512167e-009	
4.467086e-010	5.888766e+000	2.630562e-009	
4.677613e-010	5.888766e+000	2.754537e-009	
4.898062e-010	5.888766e+000	2.884354e-009	
5.128901e-010	5.888766e+000	3.020289e-009	
5.370618e-010	5.888766e+000	3.162631e-009	
5.623728e-010	5.888766e+000	3.311682e-009	
5.888766e-010	5.888766e+000	3.467756e-009	
6.166295e-010	5.888766e+000	3.631187e-009	
6.456903e-010	5.888766e+000	3.802319e-009	
6.761208e-010	5.888766e+000	3.981517e-009	
7.079854e-010	5.888766e+000	4.169160e-009	
7.413517e-010	5.888766e+000	4.365647e-009	
7.762905e-010	5.888766e+000	4.571393e-009	
8.128760e-010	5.888766e+000	4.786836e-009	
8.511857e-010	5.888766e+000	5.012433e-009	
8.913008e-010	5.888766e+000	5.248662e-009	
9.333065e-010	5.888766e+000	5.496024e-009	
9.772919e-010	5.888766e+000	5.755043e-009	
1.023350e-009	5.888766e+000	6.026270e-009	
1.071579e-009	5.888766e+000	6.310279e-009	
1.122081e-009	5.888766e+000	6.607673e-009	
1.174963e-009	5.888766e+000	6.919083e-009	
1.230338e-009	5.888766e+000	7.245170e-009	
1.288322e-009	5.888766e+000	7.586625e-009	
1.349038e-009	5.888766e+000	7.944171e-009	
1.412617e-009	5.888766e+000	8.318568e-009	
1.479191e-009	5.888766e+000	8.710610e-009	
1.548903e-009	5.888766e+000	9.121128e-009	
1.621901e-009	5.888766e+000	9.550994e-009	
1.698339e-009	5.888766e+000	1.000112e-008	
1.778379e-009	5.888766e+000	1.047246e-008	
1.862191e-009	5.888766e+000	1.096601e-008	
1.949954e-009	5.888766e+000	1.148282e-008	
2.041852e-009	5.888766e+000	1.202399e-008	
2.138082e-009	5.888766e+000	1.259066e-008	
2.238846e-009	5.888766e+000	1.318404e-008	
2.344360e-009	5.888766e+000	1.380539e-008	
2.454846e-009	5.888766e+000	1.445602e-008	
2.570540e-009	5.888766e+000	1.513731e-008	
2.691685e-009	5.888766e+000	1.585070e-008	
2.818541e-009	5.888766e+000	1.659773e-008	
2.951374e-009	5.888766e+000	1.737995e-008	
3.090468e-009	5.888766e+000	1.819904e-008	
3.236118e-009	5.888766e+000	1.905674e-008	
3.388631e-009	5.888766e+000	1.995486e-008	
3.548333e-009	5.888766e+000	2.089530e-008	
3.715560e-009	5.888766e+000	2.188006e-008	
3.890669e-009	5.888766e+000	2.291124e-008	
4.074031e-009	5.888766e+000	2.399101e-008	
4.266034e-009	5.888766e+000	2.512167e-008	
4.467086e-009	5.888766e+000	2.630562e-008	
4.677613e-009	5.888766e+000	2.754537e-008	
4.898062e-009	5.888766e+000	2.884354e-008	
5.128901e-009	5.888766e+000	3.020290e-008	
5.370619e-009	5.888766e+000	3.162632e-008	
5.623728e-009	5.888766e+000	3.311682e-008	
5.888766e-009	5.888766e+000	3.467756e-008	
6.166295e-009	5.888766e+000	3.631187e-008	
6.456903e-009	5.888766e+000	3.802319e-008	
6.761208e-009	5.888766e+000	3.981517e-008	
7.079854e-009	5.888766e+000	4.169160e-008	
7.413517e-009	5.888766e+000	4.365647e-008	
7.762906e-009	5.888766e+000	4.571393e-008	
8.128760e-009	5.888766e+000	4.786836e-008	
8.511857e-009	5.888766e+000	5.012433e-008	
8.913008e-009	5.888766e+000	5.248662e-008	
9.333065e-009	5.888766e+000	5.496023e-008	
9.772919e-009	5.888766e+000	5.755043e-008	
1.023350e-008	5.888766e+000	6.026270e-008	
1.071579e-008	5.888766e+000	6.310279e-008	
1.122081e-008	5.888766e+000	6.607674e-008	
1.174963e-008	5.888766e+000	6.919084e-008	
1.230338e-008	5.888766e+000	7.245170e-008	
1.288322e-008	5.888766e+000	7.586624e-008	
1.349038e-008	5.888766e+000	7.944171e-008	
1.412617e-008	5.888766e+000	8.318568e-008	
1.479191e-008	5.888766e+000	8.710610e-008	
1.548903e-008	5.888766e+000	9.121128e-008	
1.621901e-008	5.888766e+000	9.550994e-008	
1.698339e-008	5.888766e+000	1.000112e-007	
1.778379e-008	5.888766e+000	1.047246e-007	
1.862191e-008	5.888766e+000	1.096601e-007	
1.949954e-008	5.888766e+000	1.148282e-007	
2.041852e-008	5.888766e+000	1.202399e-007	
2.138082e-008	5.888766e+000	1.259066e-007	
2.238846e-008	5.888766e+000	1.318404e-007	
2.344360e-008	5.888766e+000	1.380539e-007	
2.454846e-008	5.888766e+000	1.445601e-007	
2.570540e-008	5.888766e+000	1.513731e-007	
2.691685e-008	5.888766e+000	1.585071e-007	
2.818541e-008	5.888766e+000	1.659773e-007	
2.951374e-008	5.888766e+000	1.737995e-007	
3.090468e-008	5.888766e+000	1.819904e-007	
3.236118e-008	5.888766e+000	1.905674e-007	
3.388631e-008	5.888766e+000	1.995486e-007	
3.548332e-008	5.888766e+000	2.089530e-007	
3.715560e-008	5.888766e+000	2.188006e-007	
3.890669e-008	5.888766e+000	2.291124e-007	
4.074031e-008	5.888766e+000	2.399101e-007	
4.266034e-008	5.888766e+000	2.512167e-007	
4.467086e-008	5.888766e+000	2.630562e-007	
4.677613e-008	5.888766e+000	2.754537e-007	
4.898062e-008	5.888766e+000	2.884354e-007	
5.128901e-008	5.888766e+000	3.020289e-007	
5.370618e-008	5.888766e+000	3.162631e-007	
5.623728e-008	5.888766e+000	3.311682e-007	
5.888766e-008	5.888766e+000	3.467756e-007	
6.166295e-008	5.888766e+000	3.631187e-007	
6.456904e-008	5.888766e+000	3.802319e-007	
6.761208e-008	5.888766e+000	3.981517e-007	
7.079854e-008	5.888766e+000	4.169160e-007	
7.413517e-008	5.888766e+000	4.365647e-007	
7.762905e-008	5.888766e+000	4.571393e-007	
8.128760e-008	5.888766e+000	4.786837e-007	
8.511856e-008	5.888766e+000	5.012433e-007	
8.913008e-008	5.888766e+000	5.248662e-007	
9.333065e-008	5.888766e+000	5.496023e-007	
9.772919e-008	5.888766e+000	5.755043e-007	
1.023350e-007	5.888766e+000	6.026270e-007	
1.071579e-007	5.888766e+000	6.310279e-007	
1.122081e-007	5.888766e+000	6.607673e-007	
1.174963e-007	5.888766e+000	6.919084e-007	
1.230338e-007	5.888766e+000	7.245170e-007	
1.288322e-007	5.888766e+000	7.586625e-007	
1.349038e-007	5.888766e+000	7.944171e-007	
1.412617e-007	5.888766e+000	8.318568e-007	
1.479191e-007	5.888766e+000	8.710610e-007	
1.548903e-007	5.888766e+000	9.121129e-007	
1.621901e-007	5.888766e+000	9.550995e-007	
1.698339e-007	5.888766e+000	1.000112e-006	
1.778379e-007	5.888766e+000	1.047246e-006	
1.862191e-007	5.888766e+000	1.096601e-006	
1.949954e-007	5.888766e+000	1.148282e-006	
2.041852e-007	5.888766e+000	1.202399e-006	
2.138082e-007	5.888766e+000	1.259066e-006	
2.238846e-007	5.888766e+000	1.318404e-006	
2.344360e-007	5.888766e+000	1.380539e-006	
2.454846e-007	5.888766e+000	1.445601e-006	
2.570540e-007	5.888766e+000	1.513731e-006	
2.691685e-007	5.888766e+000	1.585070e-006	
2.818541e-007	5.888766e+000	1.659773e-006	
2.951374e-007	5.888766e+000	1.737995e-006	
3.090468e-007	5.888766e+000	1.819904e-006	
3.236118e-007	5.888766e+000	1.905674e-006	
3.388631e-007	5.888766e+000	1.995486e-006	
3.548332e-007	5.888766e+000	2.089530e-006	
3.715560e-007	5.888766e+000	2.188006e-006	
3.890669e-007	5.888766e+000	2.291124e-006	
4.074031e-007	5.888766e+000	2.399101e-006	
4.266034e-007	5.888766e+000	2.512167e-006	
4.467086e-007	5.888766e+000	2.630562e-006	
4.677613e-007	5.888766e+000	2.754537e-006	
4.898062e-007	5.888766e+000	2.884354e-006	
5.128901e-007	5.888766e+000	3.020290e-006	
5.370619e-007	5.888766e+000	3.162631e-006	
5.623728e-007	5.888766e+000	3.311682e-006	
5.888766e-007	5.888766e+000	3.467756e-006	
6.166295e-007	5.888766e+000	3.631187e-006	
6.456904e-007	5.888766e+000	3.802319e-006	
6.761208e-007	5.888766e+000	3.981517e-006	
7.079854e-007	5.888766e+000	4.169160e-006	
7.413517e-007	5.888766e+000	4.365647e-006	
7.762906e-007	5.888766e+000	4.571393e-006	
8.128760e-007	5.888766e+000	4.786836e-006	
8.511856e-007	5.888766e+000	5.012433e-006	
8.913008e-007	5.888766e+000	5.248662e-006	
9.333065e-007	5.888766e+000	5.496024e-006	
9.772918e-007	5.888766e+000	5.755043e-006	
1.023350e-006	5.888766e+000	6.026270e-006	
1.071579e-006	5.888766e+000	6.310279e-006	
1.122081e-006	5.888766e+000	6.607674e-006	
1.174963e-006	5.888766e+000	6.919083e-006	
1.230338e-006	5.888766e+000	7.245170e-006	
1.288322e-006	5.888766e+000	7.586624e-006	
1.349038e-006	5.888766e+000	7.944171e-006	
1.412617e-006	5.888766e+000	8.318568e-006	
1.479191e-006	5.888766e+000	8.710610e-006	
1.548903e-006	5.888766e+000	9.121128e-006	
1.621901e-006	5.888766e+000	9.550994e-006	
1.698339e-006	5.888766e+000	1.000112e-005	
1.778379e-006	5.888766e+000	1.047246e-005	
1.862191e-006	5.888766e+000	1.096601e-005	
1.949954e-006	5.888766e+000	1.148282e-005	
2.041852e-006	5.888766e+000	1.202399e-005	
2.138082e-006	5.888766e+000	1.259066e-005	
2.238846e-006	5.888766e+000	1.318404e-005	
2.344360e-006	5.888766e+000	1.380539e-005	
2.454846e-006	5.888766e+000	1.445601e-005	
2.570540e-006	5.888766e+000	1.513731e-005	
2.691685e-006	5.888766e+000	1.585071e-005	
2.818541e-006	5.888766e+000	1.659773e-005	
2.951374e-006	5.888766e+000	1.737995e-005	
3.090468e-006	5.888766e+000	1.819904e-005	
3.236118e-006	5.888766e+000	1.905674e-005	
3.388631e-006	5.888766e+000	1.995485e-005	
3.548332e-006	5.888766e+000	2.089530e-005	
3.715560e-006	5.888766e+000	2.188006e-005	
3.890669e-006	5.888766e+000	2.291124e-005	
4.074031e-006	5.888766e+000	2.399101e-005	
4.266034e-006	5.888766e+000	2.512168e-005	
4.467086e-006	5.888766e+000	2.630562e-005	
4.677613e-006	5.888766e+000	2.754537e-005	
4.898062e-006	5.888766e+000	2.884354e-005	
5.128901e-006	5.888766e+000	3.020290e-005	
5.370619e-006	5.888766e+000	3.162631e-005	
5.623728e-006	5.888766e+000	3.311682e-005	
5.888766e-006	5.888766e+000	3.467756e-005	
6.166295e-006	5.888766e+000	3.631187e-005	
6.456904e-006	5.888766e+000	3.802319e-005	
6.761208e-006	5.888766e+000	3.981517e-005	
7.079854e-006	5.888766e+000	4.169160e-005	
7.413517e-006	5.888766e+000	4.365647e-005	
7.762906e-006	5.888766e+000	4.571393e-005	
8.128760e-006	5.888766e+000	4.786836e-005	
8.511856e-006	5.888766e+000	5.012433e-005	
8.913008e-006	5.888766e+000	5.248662e-005	
9.333065e-006	5.888766e+000	5.496024e-005	
9.772919e-006	5.888766e+000	5.755043e-005	
1.023350e-005	5.888766e+000	6.026270e-005	
1.071579e-005	5.888766e+000	6.310280e-005	
1.122081e-005	5.888766e+000	6.607674e-005	
1.174963e-005	5.888766e+000	6.919084e-005	
1.230338e-005	5.888766e+000	7.245170e-005	
1.288322e-005	5.888766e+000	7.586624e-005	
1.349038e-005	5.888766e+000	7.944171e-005	
1.412617e-005	5.888766e+000	8.318568e-005	
1.479191e-005	5.888766e+000	8.710610e-005	
1.548903e-005	5.888766e+000	9.121129e-005	
1.621901e-005	5.888766e+000	9.550994e-005	
1.698339e-005	5.888766e+000	1.000112e-004	
1.778379e-005	5.888766e+000	1.047246e-004	
1.862191e-005	5.888766e+000	1.096601e-004	
1.949954e-005	5.888766e+000	1.148282e-004	
2.041852e-005	5.888766e+000	1.202399e-004	
2.138082e-005	5.888766e+000	1.259066e-004	
2.238846e-005	5.888766e+000	1.318404e-004	
2.344360e-005	5.888766e+000	1.380539e-004	
2.454846e-005	5.888766e+000	1.445601e-004	
2.570540e-005	5.888766e+000	1.513731e-004	
2.691685e-005	5.888766e+000	1.585070e-004	
2.818541e-005	5.888766e+000	1.659773e-004	
2.951374e-005	5.888766e+000	1.737995e-004	
3.090468e-005	5.888766e+000	1.819904e-004	
3.236117e-005	5.888766e+000	1.905674e-004	
3.388631e-005	5.888766e+000	1.995485e-004	
3.548332e-005	5.888766e+000	2.089530e-004	
3.715560e-005	5.888766e+000	2.188006e-004	
3.890669e-005	5.888766e+000	2.291124e-004	
4.074031e-005	5.888766e+000	2.399101e-004	
4.266034e-005	5.888766e+000	2.512168e-004	
4.467086e-005	5.888766e+000	2.630562e-004	
4.677613e-005	5.888766e+000	2.754537e-004	
4.898062e-005	5.888766e+000	2.884354e-004	
5.128901e-005	5.888766e+000	3.020290e-004	
5.370619e-005	5.888766e+000	3.162632e-004	
5.623728e-005	5.888766e+000	3.311682e-004	
5.888766e-005	5.888766e+000	3.467756e-004	
6.166295e-005	5.888766e+000	3.631187e-004	
6.456904e-005	5.888766e+000	3.802319e-004	
6.761208e-005	5.888766e+000	3.981517e-004	
7.079854e-005	5.888766e+000	4.169160e-004	
7.413517e-005	5.888766e+000	4.365646e-004	
7.762905e-005	5.888766e+000	4.571393e-004	
8.128760e-005	5.888766e+000	4.786837e-004	
8.511857e-005	5.888766e+000	5.012433e-004	
8.913008e-005	5.888766e+000	5.248662e-004	
9.333065e-005	5.888766e+000	5.496023e-004	
9.772919e-005	5.888766e+000	5.755043e-004	
1.023350e-004	5.888766e+000	6.026270e-004	
1.071579e-004	5.888766e+000	6.310279e-004	
1.122081e-004	5.888766e+000	6.607674e-004	
1.174963e-004	5.888766e+000	6.919083e-004	
1.230338e-004	5.888766e+000	7.245170e-004	
1.288322e-004	5.888766e+000	7.586625e-004	
1.349038e-004	5.888766e+000	7.944171e-004	
1.412617e-004	5.888766e+000	8.318568e-004	
1.479191e-004	5.888766e+000	8.710610e-004	
1.548903e-004	5.888766e+000	9.121128e-004	
1.621901e-004	5.888766e+000	9.550994e-004	
1.698339e-004	5.888766e+000	1.000112e-003	
1.778379e-004	5.888766e+000	1.047246e-003	
1.862191e-004	5.888766e+000	1.096601e-003	
1.949954e-004	5.888766e+000	1.148282e-003	
2.041852e-004	5.888766e+000	1.202399e-003	
2.138082e-004	5.888766e+000	1.259066e-003	
2.238846e-004	5.888766e+000	1.318404e-003	
2.344360e-004	5.888766e+000	1.380539e-003	
2.454846e-004	5.888766e+000	1.445602e-003	
2.570540e-004	5.888766e+000	1.513731e-003	
2.691686e-004	5.888766e+000	1.585071e-003	
2.818541e-004	5.888766e+000	1.659773e-003	
2.951374e-004	5.888766e+000	1.737995e-003	
3.090468e-004	5.888766e+000	1.819904e-003	
3.236117e-004	5.888766e+000	1.905674e-003	
3.388631e-004	5.888766e+000	1.995486e-003	
3.548332e-004	5.888766e+000	2.089530e-003	
3.715560e-004	5.888766e+000	2.188006e-003	
3.890669e-004	5.888766e+000	2.291124e-003	
4.074031e-004	5.888766e+000	2.399101e-003	
4.266034e-004	5.888766e+000	2.512167e-003	
4.467086e-004	5.888766e+000	2.630562e-003	
4.677613e-004	5.888766e+000	2.754537e-003	
4.898062e-004	5.888766e+000	2.884354e-003	
5.128901e-004	5.888766e+000	3.020289e-003	
5.370618e-004	5.888766e+000	3.162631e-003	
5.623728e-004	5.888766e+000	3.311682e-003	
5.888766e-004	5.888766e+000	3.467756e-003	
6.166295e-004	5.888766e+000	3.631187e-003	
6.456904e-004	5.888766e+000	3.802319e-003	
6.761208e-004	5.888766e+000	3.981517e-003	
7.079854e-004	5.888766e+000	4.169160e-003	
7.413517e-004	5.888766e+000	4.365647e-003	
7.762905e-004	5.888766e+000	4.571393e-003	
8.128760e-004	5.888766e+000	4.786836e-003	
8.511856e-004	5.888766e+000	5.012433e-003	
8.913008e-004	5.888766e+000	5.248662e-003	
9.333065e-004	5.888766e+000	5.496024e-003	
9.772918e-004	5.888766e+000	5.755043e-003	
1.023350e-003	5.888766e+000	6.026270e-003	
1.071579e-003	5.888766e+000	6.310279e-003	
1.122081e-003	5.888766e+000	6.607673e-003	
1.174963e-003	5.888766e+000	6.919084e-003	
1.230338e-003	5.888766e+000	7.245170e-003	
1.288322e-003	5.888766e+000	7.586625e-003	
1.349038e-003	5.888766e+000	7.944171e-003	
1.412617e-003	5.888766e+000	8.318568e-003	
1.479191e-003	5.888766e+000	8.710610e-003	
1.548903e-003	5.888766e+000	9.121129e-003	
1.621901e-003	5.888766e+000	9.550994e-003	
1.698339e-003	5.888766e+000	1.000112e-002	
1.778379e-003	5.888766e+000	1.047246e-002	
1.862191e-003	5.888766e+000	1.096601e-002	
1.949954e-003	5.888766e+000	1.148282e-002	
2.041852e-003	5.888766e+000	1.202399e-002	
2.138082e-003	5.888766e+000	1.259066e-002	
2.238846e-003	5.888766e+000	1.318404e-002	
2.344360e-003	5.888766e+000	1.380539e-002	
2.454846e-003	5.888766e+000	1.445601e-002	
2.570539e-003	5.888766e+000	1.513731e-002	
2.691685e-003	5.888766e+000	1.585071e-002	
2.818541e-003	5.888766e+000	1.659773e-002	
2.951374e-003	5.888766e+000	1.737995e-002	
3.090468e-003	5.888766e+000	1.819904e-002	
3.236118e-003	5.888766e+000	1.905674e-002	
3.388631e-003	5.888766e+000	1.995486e-002	
3.548332e-003	5.888766e+000	2.089530e-002	
3.715560e-003	5.888766e+000	2.188006e-002	
3.890669e-003	5.888766e+000	2.291124e-002	
4.074031e-003	5.888766e+000	2.399101e-002	
4.266034e-003	5.888766e+000	2.512167e-002	
4.467086e-003	5.888766e+000	2.630562e-002	
4.677613e-003	5.888766e+000	2.754537e-002	
4.898062e-003	5.888766e+000	2.884354e-002	
5.128901e-003	5.888766e+000	3.020289e-002	
5.370618e-003	5.888766e+000	3.162631e-002	
5.623728e-003	5.888766e+000	3.311682e-002	
5.888766e-003	5.888766e+000	3.467756e-002	
6.166295e-003	5.888766e+000	3.631187e-002	
6.456904e-003	5.888766e+000	3.802319e-002	
6.761208e-003	5.888766e+000	3.981517e-002	
7.079854e-003	5.888766e+000	4.169160e-002	
7.413517e-003	5.888766e+000	4.365647e-002	
7.762905e-003	5.888766e+000	4.571393e-002	
8.128759e-003	5.888766e+000	4.786836e-002	
8.511856e-003	5.888766e+000	5.012433e-002	
8.913008e-003	5.888766e+000	5.248661e-002	
9.333065e-003	5.888766e+000	5.496023e-002	
9.772919e-003	5.888766e+000	5.755043e-002	
1.023350e-002	5.888766e+000	6.026270e-002	
1.071579e-002	5.888766e+000	6.310279e-002	
1.122081e-002	5.888766e+000	6.607673e-002	
1.174963e-002	5.888766e+000	6.919084e-002	
1.230338e-002	5.888766e+000	7.245170e-002	
1.288322e-002	5.888766e+000	7.586624e-002	
1.349038e-002	5.888766e+000	7.944171e-002	
1.412617e-002	5.888766e+000	8.318568e-002	
1.479191e-002	5.888766e+000	8.710610e-002	
1.548903e-002	5.888766e+000	9.121128e-002	
1.621901e-002	5.888766e+000	9.550994e-002	
1.698339e-002	5.888766e+000	1.000112e-001	
1.778379e-002	5.888766e+000	1.047246e-001	
1.862191e-002	5.888766e+000	1.096601e-001	
1.949954e-002	5.888766e+000	1.148282e-001	
2.041852e-002	5.888766e+000	1.202399e-001	
2.138082e-002	5.888766e+000	1.259066e-001	
2.238846e-002	5.888766e+000	1.318404e-001	
2.344360e-002	5.888766e+000	1.380539e-001	
2.454846e-002	5.888766e+000	1.445601e-001	
2.570540e-002	5.888766e+000	1.513731e-001	
2.691685e-002	5.888766e+000	1.585070e-001	
2.818540e-002	5.888766e+000	1.659772e-001	
2.951374e-002	5.888766e+000	1.737995e-001	
3.090468e-002	5.888766e+000	1.819904e-001	
3.236118e-002	5.888766e+000	1.905674e-001	
3.388631e-002	5.888766e+000	1.995485e-001	
3.548332e-002	5.888766e+000	2.089530e-001	
3.715560e-002	5.888765e+000	2.188006e-001	
3.890669e-002	5.888765e+000	2.291124e-001	
4.074030e-002	5.888765e+000	2.399101e-001	
4.266033e-002	5.888765e+000	2.512167e-001	
4.467085e-002	5.888765e+000	2.630562e-001	
4.677613e-002	5.888765e+000	2.754536e-001	
4.898062e-002	5.888765e+000	2.884354e-001	
5.128900e-002	5.888765e+000	3.020289e-001	
5.370618e-002	5.888765e+000	3.162631e-001	
5.623727e-002	5.888765e+000	3.311681e-001	
5.888765e-002	5.888765e+000	3.467756e-001	
6.166294e-002	5.888765e+000	3.631186e-001	
6.456903e-002	5.888765e+000	3.802318e-001	
6.761207e-002	5.888765e+000	3.981516e-001	
7.079853e-002	5.888765e+000	4.169159e-001	
7.413516e-002	5.888765e+000	4.365646e-001	
7.762904e-002	5.888765e+000	4.571392e-001	
8.128759e-002	5.888765e+000	4.786835e-001	
8.511855e-002	5.888765e+000	5.012432e-001	
8.913007e-002	5.888765e+000	5.248660e-001	
9.333064e-002	5.888765e+000	5.496022e-001	
9.772917e-002	5.888765e+000	5.755041e-001	
1.023350e-001	5.888765e+000	6.026268e-001	
1.071579e-001	5.888765e+000	6.310277e-001	
1.122081e-001	5.888765e+000	6.607671e-001	
1.174963e-001	5.888765e+000	6.919081e-001	
1.230337e-001	5.888764e+000	7.245167e-001	
1.288321e-001	5.888764e+000	7.586621e-001	
1.349038e-001	5.888764e+000	7.944167e-001	
1.412616e-001	5.888764e+000	8.318564e-001	
1.479191e-001	5.888764e+000	8.710606e-001	
1.548903e-001	5.888764e+000	9.121124e-001	
1.621900e-001	5.888764e+000	9.550988e-001	
1.698338e-001	5.888764e+000	1.000111e+000	
1.778378e-001	5.888764e+000	1.047245e+000	
1.862191e-001	5.888764e+000	1.096600e+000	
1.949953e-001	5.888764e+000	1.148281e+000	
2.041851e-001	5.888763e+000	1.202398e+000	
2.138081e-001	5.888763e+000	1.259065e+000	
2.238845e-001	5.888763e+000	1.318403e+000	
2.344359e-001	5.888763e+000	1.380537e+000	
2.454845e-001	5.888763e+000	1.445600e+000	
2.570538e-001	5.888763e+000	1.513729e+000	
2.691684e-001	5.888763e+000	1.585069e+000	
2.818539e-001	5.888762e+000	1.659771e+000	
2.951373e-001	5.888762e+000	1.737993e+000	
3.090467e-001	5.888762e+000	1.819902e+000	
3.236116e-001	5.888762e+000	1.905671e+000	
3.388629e-001	5.888762e+000	1.995483e+000	
3.548330e-001	5.888762e+000	2.089527e+000	
3.715557e-001	5.888762e+000	2.188003e+000	
3.890666e-001	5.888762e+000	2.291120e+000	
4.074027e-001	5.888761e+000	2.399097e+000	
4.266030e-001	5.888761e+000	2.512163e+000	
4.467082e-001	5.888761e+000	2.630557e+000	
4.677609e-001	5.888761e+000	2.754532e+000	
4.898057e-001	5.888760e+000	2.884348e+000	
5.128896e-001	5.888760e+000	3.020284e+000	
5.370613e-001	5.888760e+000	3.162625e+000	
5.623721e-001	5.888759e+000	3.311674e+000	
5.888759e-001	5.888759e+000	3.467748e+000	
6.166288e-001	5.888759e+000	3.631178e+000	
6.456895e-001	5.888758e+000	3.802309e+000	
6.761199e-001	5.888758e+000	3.981506e+000	
7.079844e-001	5.888758e+000	4.169149e+000	
7.413506e-001	5.888757e+000	4.365634e+000	
7.762893e-001	5.888757e+000	4.571379e+000	
8.128747e-001	5.888756e+000	4.786821e+000	
8.511842e-001	5.888756e+000	5.012416e+000	
8.912992e-001	5.888755e+000	5.248643e+000	
9.333048e-001	5.888755e+000	5.496003e+000	
9.772900e-001	5.888754e+000	5.755021e+000	
1.023348e+000	5.888754e+000	6.026245e+000	
1.071577e+000	5.888753e+000	6.310252e+000	
1.122079e+000	5.888753e+000	6.607644e+000	
1.174960e+000	5.888752e+000	6.919051e+000	
1.230335e+000	5.888752e+000	7.245134e+000	
1.288318e+000	5.888751e+000	7.586586e+000	
1.349035e+000	5.888750e+000	7.944128e+000	
1.412613e+000	5.888749e+000	8.318521e+000	
1.479187e+000	5.888749e+000	8.710559e+000	
1.548898e+000	5.888748e+000	9.121072e+000	
1.621896e+000	5.888747e+000	9.550932e+000	
1.698333e+000	5.888746e+000	1.000105e+001	
1.778373e+000	5.888745e+000	1.047238e+001	
1.862184e+000	5.888744e+000	1.096593e+001	
1.949946e+000	5.888743e+000	1.148273e+001	
2.041844e+000	5.888742e+000	1.202389e+001	
2.138072e+000	5.888741e+000	1.259055e+001	
2.238836e+000	5.888740e+000	1.318392e+001	
2.344349e+000	5.888738e+000	1.380526e+001	
2.454834e+000	5.888737e+000	1.445587e+001	
2.570526e+000	5.888736e+000	1.513715e+001	
2.691671e+000	5.888734e+000	1.585053e+001	
2.818525e+000	5.888733e+000	1.659754e+001	
2.951357e+000	5.888731e+000	1.737975e+001	
3.090449e+000	5.888730e+000	1.819882e+001	
3.236097e+000	5.888728e+000	1.905649e+001	
3.388608e+000	5.888726e+000	1.995458e+001	
3.548307e+000	5.888724e+000	2.089500e+001	
3.715533e+000	5.888722e+000	2.187974e+001	
3.890639e+000	5.888720e+000	2.291088e+001	
4.073997e+000	5.888718e+000	2.399062e+001	
4.265997e+000	5.888716e+000	2.512125e+001	
4.467046e+000	5.888713e+000	2.630515e+001	
4.677569e+000	5.888711e+000	2.754485e+001	
4.898014e+000	5.888708e+000	2.884298e+001	
5.128848e+000	5.888705e+000	3.020227e+001	
5.370561e+000	5.888702e+000	3.162563e+001	
5.623664e+000	5.888700e+000	3.311607e+001	
5.888696e+000	5.888696e+000	3.467674e+001	
6.166219e+000	5.888693e+000	3.631097e+001	
6.456820e+000	5.888690e+000	3.802221e+001	
6.761117e+000	5.888686e+000	3.981409e+001	
7.079753e+000	5.888682e+000	4.169042e+001	
7.413407e+000	5.888679e+000	4.365517e+001	
7.762784e+000	5.888674e+000	4.571251e+001	
8.128628e+000	5.888670e+000	4.786681e+001	
8.511711e+000	5.888665e+000	5.012262e+001	
8.912848e+000	5.888661e+000	5.248474e+001	
9.332891e+000	5.888656e+000	5.495818e+001	
9.772727e+000	5.888650e+000	5.754817e+001	
1.023329e+001	5.888645e+000	6.026023e+001	
1.071556e+001	5.888639e+000	6.310008e+001	
1.122056e+001	5.888633e+000	6.607376e+001	
1.174936e+001	5.888627e+000	6.918758e+001	
1.230307e+001	5.888620e+000	7.244812e+001	
1.288288e+001	5.888614e+000	7.586232e+001	
1.349002e+001	5.888607e+000	7.943741e+001	
1.412576e+001	5.888599e+000	8.318096e+001	
1.479147e+001	5.888591e+000	8.710094e+001	
1.548855e+001	5.888583e+000	9.120561e+001	
1.621848e+001	5.888574e+000	9.550373e+001	
1.698281e+001	5.888565e+000	1.000044e+002	
1.778315e+001	5.888556e+000	1.047171e+002	
1.862122e+001	5.888546e+000	1.096519e+002	
1.949877e+001	5.888535e+000	1.148192e+002	
2.041768e+001	5.888525e+000	1.202300e+002	
2.137990e+001	5.888513e+000	1.258958e+002	
2.238746e+001	5.888501e+000	1.318286e+002	
2.344250e+001	5.888489e+000	1.380409e+002	
2.454725e+001	5.888475e+000	1.445459e+002	
2.570407e+001	5.888462e+000	1.513574e+002	
2.691540e+001	5.888448e+000	1.584899e+002	
2.818381e+001	5.888433e+000	1.659585e+002	
2.951199e+001	5.888417e+000	1.737789e+002	
3.090276e+001	5.888400e+000	1.819678e+002	
3.235907e+001	5.888383e+000	1.905426e+002	
3.388400e+001	5.888365e+000	1.995214e+002	
3.548079e+001	5.888346e+000	2.089232e+002	
3.715282e+001	5.888326e+000	2.187679e+002	
3.890365e+001	5.888305e+000	2.290766e+002	
4.073697e+001	5.888284e+000	2.398708e+002	
4.265668e+001	5.888261e+000	2.511736e+002	
4.466684e+001	5.888237e+000	2.630090e+002	
4.677173e+001	5.888212e+000	2.754018e+002	
4.897580e+001	5.888186e+000	2.883786e+002	
5.128371e+001	5.888158e+000	3.019666e+002	
5.370038e+001	5.888129e+000	3.161948e+002	
5.623091e+001	5.888099e+000	3.310932e+002	
5.888068e+001	5.888068e+000	3.466934e+002	
6.165529e+001	5.888035e+000	3.630285e+002	
6.456064e+001	5.888000e+000	3.801330e+002	
6.760287e+001	5.887964e+000	3.980432e+002	
7.078844e+001	5.887926e+000	4.167971e+002	
7.412409e+001	5.887886e+000	4.364342e+002	
7.761690e+001	5.887844e+000	4.569962e+002	
8.127427e+001	5.887800e+000	4.785267e+002	
8.510394e+001	5.887754e+000	5.010711e+002	
8.911404e+001	5.887706e+000	5.246772e+002	
9.331305e+001	5.887655e+000	5.493951e+002	
9.770988e+001	5.887602e+000	5.752769e+002	
1.023138e+002	5.887547e+000	6.023776e+002	
1.071347e+002	5.887489e+000	6.307542e+002	
1.121826e+002	5.887427e+000	6.604670e+002	
1.174683e+002	5.887363e+000	6.915788e+002	
1.230030e+002	5.887296e+000	7.241554e+002	
1.287985e+002	5.887225e+000	7.582655e+002	
1.348668e+002	5.887151e+000	7.939814e+002	
1.412210e+002	5.887073e+000	8.313786e+002	
1.478745e+002	5.886991e+000	8.705359e+002	
1.548414e+002	5.886904e+000	9.115362e+002	
1.621363e+002	5.886813e+000	9.544661e+002	
1.697748e+002	5.886717e+000	9.994161e+002	
1.777730e+002	5.886616e+000	1.046481e+003	
1.861478e+002	5.886509e+000	1.095761e+003	
1.949169e+002	5.886397e+000	1.147358e+003	
2.040989e+002	5.886277e+000	1.201383e+003	
2.137132e+002	5.886150e+000	1.257948e+003	
2.237801e+002	5.886015e+000	1.317173e+003	
2.343208e+002	5.885871e+000	1.379182e+003	
2.453575e+002	5.885717e+000	1.444105e+003	
2.569137e+002	5.885552e+000	1.512079e+003	
2.690135e+002	5.885374e+000	1.583245e+003	
2.816824e+002	5.885180e+000	1.657752e+003	
2.949470e+002	5.884967e+000	1.735753e+003	
3.088352e+002	5.884733e+000	1.817412e+003	
3.233758e+002	5.884472e+000	1.902896e+003	
3.385991e+002	5.884178e+000	1.992377e+003	
3.545365e+002	5.883842e+000	2.086037e+003	
3.712206e+002	5.883451e+000	2.184058e+003	
3.886852e+002	5.882989e+000	2.286631e+003	
4.069649e+002	5.882432e+000	2.393943e+003	
4.260948e+002	5.881745e+000	2.506181e+003	
4.461103e+002	5.880879e+000	2.623521e+003	
4.670460e+002	5.879761e+000	2.746119e+003	
4.889340e+002	5.878279e+000	2.874091e+003	
5.118015e+002	5.876268e+000	3.007483e+003	
5.356666e+002	5.873468e+000	3.146221e+003	
5.605302e+002	5.869471e+000	3.290016e+003	
5.863625e+002	5.863625e+000	3.438210e+003	
6.130798e+002	5.854867e+000	3.589501e+003	
6.405034e+002	5.841461e+000	3.741476e+003	
6.682944e+002	5.820601e+000	3.889875e+003	
6.958708e+002	5.788001e+000	4.027701e+003	
7.223616e+002	5.737922e+000	4.144855e+003	
7.467294e+002	5.664522e+000	4.229865e+003	
7.681276e+002	5.564592e+000	4.274317e+003	
7.862432e+002	5.439474e+000	4.276750e+003	
8.012958e+002	5.294109e+000	4.242147e+003	
8.137731e+002	5.134562e+000	4.178368e+003	
8.241946e+002	4.966264e+000	4.093168e+003	
8.330031e+002	4.793432e+000	3.992944e+003	
8.405450e+002	4.619138e+000	3.882594e+003	
8.470824e+002	4.445551e+000	3.765748e+003	
8.528121e+002	4.274185e+000	3.645077e+003	
8.578835e+002	4.106088e+000	3.522545e+003	
8.624068e+002	3.941960e+000	3.399573e+003	
8.664744e+002	3.782298e+000	3.277264e+003	
8.701538e+002	3.627405e+000	3.156400e+003	
8.735005e+002	3.477468e+000	3.037570e+003	
8.765589e+002	3.332584e+000	2.921206e+003	
8.793655e+002	3.192783e+000	2.807624e+003	
8.819506e+002	3.058048e+000	2.697047e+003	
8.843392e+002	2.928322e+000	2.589630e+003	
8.865527e+002	2.803526e+000	2.485474e+003	
8.886070e+002	2.683550e+000	2.384621e+003	
8.905207e+002	2.568290e+000	2.287115e+003	
8.923060e+002	2.457615e+000	2.192944e+003	
8.939744e+002	2.351392e+000	2.102085e+003	
8.955362e+002	2.249485e+000	2.014495e+003	
8.970002e+002	2.151754e+000	1.930124e+003	
8.983746e+002	2.058057e+000	1.848906e+003	
8.996663e+002	1.968255e+000	1.770773e+003	
9.008816e+002	1.882208e+000	1.695647e+003	
9.020262e+002	1.799779e+000	1.623448e+003	
9.031052e+002	1.720832e+000	1.554092e+003	
9.041233e+002	1.645234e+000	1.487494e+003	
9.050846e+002	1.572857e+000	1.423568e+003	
9.059930e+002	1.503574e+000	1.362228e+003	
9.068520e+002	1.437263e+000	1.303385e+003	
9.076647e+002	1.373806e+000	1.246955e+003	
9.084342e+002	1.313087e+000	1.192853e+003	
9.091631e+002	1.254994e+000	1.140995e+003	
9.098521e+002	1.199419e+000	1.091294e+003	
9.105066e+002	1.146260e+000	1.043677e+003	
9.111273e+002	1.095416e+000	9.980634e+002	
9.117162e+002	1.046790e+000	9.543758e+002	
9.122753e+002	1.000290e+000	9.125398e+002	
9.128060e+002	9.558252e-001	8.724830e+002	
9.133101e+002	9.133101e-001	8.341354e+002	
9.137891e+002	8.726618e-001	7.974288e+002	
9.142442e+002	8.338006e-001	7.622974e+002	
9.146768e+002	7.966502e-001	7.286775e+002	
9.150882e+002	7.611372e-001	6.965077e+002	
9.154794e+002	7.271912e-001	6.657285e+002	
9.158516e+002	6.947445e-001	6.362829e+002	
9.162057e+002	6.637323e-001	6.081154e+002	
9.165427e+002	6.340926e-001	5.811729e+002	
9.168634e+002	6.057656e-001	5.554043e+002	
9.171688e+002	5.786943e-001	5.307604e+002	
9.174594e+002	5.528240e-001	5.071935e+002	
9.177363e+002	5.281021e-001	4.846584e+002	
9.179999e+002	5.044785e-001	4.631112e+002	
9.182511e+002	4.819050e-001	4.425098e+002	
9.184904e+002	4.603356e-001	4.228138e+002	
9.187183e+002	4.397262e-001	4.039845e+002	
9.189355e+002	4.200346e-001	3.859847e+002	
9.191426e+002	4.012203e-001	3.687786e+002	
9.193398e+002	3.832446e-001	3.523321e+002	
9.195280e+002	3.660707e-001	3.366122e+002	
9.197072e+002	3.496629e-001	3.215875e+002	
9.198782e+002	3.339876e-001	3.072279e+002	
9.200412e+002	3.190122e-001	2.935043e+002	
9.201966e+002	3.047057e-001	2.803892e+002	
9.203448e+002	2.910386e-001	2.678558e+002	
9.204861e+002	2.779824e-001	2.558789e+002	
9.206210e+002	2.655100e-001	2.444341e+002	
9.207496e+002	2.535955e-001	2.334979e+002	
9.208723e+002	2.422141e-001	2.230482e+002	
9.209893e+002	2.313420e-001	2.130635e+002	
9.211009e+002	2.209567e-001	2.035234e+002	
9.212074e+002	2.110364e-001	1.944083e+002	
9.213090e+002	2.015605e-001	1.856995e+002	
9.214060e+002	1.925090e-001	1.773789e+002	
9.214985e+002	1.838631e-001	1.694296e+002	
9.215868e+002	1.756047e-001	1.618350e+002	
9.216693e+002	1.677162e-001	1.545789e+002	
9.217496e+002	1.601817e-001	1.476474e+002	
9.218262e+002	1.529851e-001	1.410256e+002	
9.218993e+002	1.461112e-001	1.346998e+002	
9.219691e+002	1.395457e-001	1.286568e+002	
9.220356e+002	1.332747e-001	1.228840e+002	
9.220992e+002	1.272851e-001	1.173695e+002	
9.221599e+002	1.215643e-001	1.121018e+002	
9.222177e+002	1.161003e-001	1.070698e+002	
9.222730e+002	1.108816e-001	1.022631e+002	
9.223257e+002	1.058972e-001	9.767168e+001	
9.223761e+002	1.011365e-001	9.328592e+001	
9.224241e+002	9.658966e-002	8.909664e+001	
9.224700e+002	9.224700e-002	8.509509e+001	
9.225138e+002	8.809938e-002	8.127290e+001	
9.225556e+002	8.413807e-002	7.762205e+001	
9.225955e+002	8.035471e-002	7.413489e+001	
9.226336e+002	7.674132e-002	7.080412e+001	
9.226700e+002	7.329028e-002	6.762274e+001	
9.227047e+002	6.999431e-002	6.458407e+001	
9.227378e+002	6.684645e-002	6.168174e+001	
9.227695e+002	6.384005e-002	5.890965e+001	
9.227997e+002	6.096877e-002	5.626196e+001	
9.228285e+002	5.822654e-002	5.373311e+001	
9.228560e+002	5.560758e-002	5.131779e+001	
9.228823e+002	5.310633e-002	4.901090e+001	
9.229074e+002	5.071754e-002	4.680759e+001	
9.229314e+002	4.843613e-002	4.470322e+001	
9.229543e+002	4.625729e-002	4.269336e+001	
9.229761e+002	4.417641e-002	4.077378e+001	
9.229970e+002	4.218910e-002	3.894042e+001	
9.230169e+002	4.029115e-002	3.718941e+001	
9.230359e+002	3.847854e-002	3.551708e+001	
9.230541e+002	3.674744e-002	3.391988e+001	
9.230714e+002	3.509420e-002	3.239445e+001	
9.230880e+002	3.351530e-002	3.093757e+001	
9.231038e+002	3.200741e-002	2.954616e+001	
9.231189e+002	3.056734e-002	2.821729e+001	
9.231333e+002	2.919204e-002	2.694814e+001	
9.231470e+002	2.787860e-002	2.573604e+001	
9.231602e+002	2.662423e-002	2.457843e+001	
9.231727e+002	2.542629e-002	2.347286e+001	
9.231848e+002	2.428223e-002	2.241699e+001	
9.231962e+002	2.318964e-002	2.140859e+001	
9.232071e+002	2.214620e-002	2.044552e+001	
9.232175e+002	2.114969e-002	1.952577e+001	
9.232275e+002	2.019802e-002	1.864736e+001	
9.232370e+002	1.928915e-002	1.780846e+001	
9.232461e+002	1.842118e-002	1.700728e+001	
9.232548e+002	1.759226e-002	1.624213e+001	
9.232631e+002	1.680063e-002	1.551140e+001	
9.232709e+002	1.604461e-002	1.481352e+001	
9.232785e+002	1.532261e-002	1.414704e+001	
9.232857e+002	1.463309e-002	1.351052e+001	
9.232926e+002	1.397460e-002	1.290264e+001	
9.232992e+002	1.334573e-002	1.232210e+001	
9.233055e+002	1.274516e-002	1.176768e+001	
9.233115e+002	1.217162e-002	1.123819e+001	
9.233172e+002	1.162387e-002	1.073252e+001	
9.233226e+002	1.110078e-002	1.024960e+001	
9.233279e+002	1.060122e-002	9.788404e+000	
9.233329e+002	1.012414e-002	9.347954e+000	
9.233376e+002	9.668532e-003	8.927319e+000	
9.233422e+002	9.233422e-003	8.525608e+000	
